1414.5 1856.5 1408.5 1850.5
453 889 464.5 885.5
713.5 740.5 709.5 752.5
218.5 1183.5 211.5 1196.5
1969.5 910.5 1966.5 896.5
1106 1066 1108.5 1055.5
219.5 1573.5 207.5 1587.5
553.5 2048.5 543.5 2033.5
1277.5 660.5 1274.5 679.5
382.5 1730.5 393.5 1715.5
765.5 1716.5 763.5 1736.5
1991.5 1407.5 2008.5 1415.5
472.5 1239.5 491.5 1236.5
296.5 861.5 286.5 844.5
220.5 714.5 217.5 695.5
1787.5 1555.5 1807.5 1551.5
1808.5 822.5 1823.5 837.5
526.5 1212.5 523.5 1191.5
1473.5 354.5 1492.5 345.5
1415.5 1048.5 1428.5 1031.5
55.5 230.5 70.5 246.5
198.5 524.5 186.5 509.5
1150.5 893.5 1145.5 914.5
1553.5 577.5 1532.5 584.5
354.5 492.5 377.5 490.5
36.5 510.5 52.5 525.5
1177.5 798.5 1164.5 818.5
359.5 1736.5 382.5 1730.5
1161.5 1661.5 1173.5 1655.5
948.5 1152.5 942.5 1164.5
1738.5 1098.5 1715.5 1089.5
1515.5 276.5 1503.5 298.5
1830.5 1285.5 1832.5 1260.5
1052.5 217.5 1053.5 241.5
1972.5 1448.5 1985.5 1428.5
1457.5 930.5 1438.5 942.5
377.5 1982.5 371.5 1957.5
1374.5 1001.5 1368.5 976.5
1639.5 1826.5 1653.5 1804.5
1693.5 571.5 1688.5 549.5
540.5 414.5 542.5 436.5
883.5 907.5 906.5 894.5
1252.5 2027.5 1231.5 2012.5
841.5 1610.5 838.5 1585.5
1595.5 627.5 1581.5 645.5
433.5 771.5 440 747.5
1737.5 874.5 1711.5 880.5
1757.5 1531.5 1738.5 1516.5
321.5 545.5 341.5 553.5
1580.5 614.5 1595.5 627.5
543.5 2033.5 524.5 2015.5
226.5 1252.5 247.5 1262.5
2047.5 1390.5 2069.5 1404.5
464.5 1055.5 461.5 1028.5
519.5 639 531.5 653.5
260.5 379.5 253.5 405.5
729.5 1757.5 721.5 1734.5
1000.5 898.5 1004.5 924.5
316.5 435.5 316.5 411.5
273.5 727.5 284.5 752.5
877.5 1131.5 892.5 1108.5
461.5 1028.5 437.5 1016.5
592.5 1662.5 604.5 1637.5
1082.5 1299.5 1068.5 1323.5
836.5 758.5 823.5 739.5
1767.5 1506.5 1757.5 1525.5
194.5 804.5 172.5 822.5
1108.5 1392.5 1082.5 1401.5
908.5 1716.5 910.5 1744.5
1252.5 800.5 1253.5 772.5
1642.5 1430.5 1660.5 1452.5
829.5 1883.5 842.5 1860.5
59.5 461.5 34.5 473.5
725.5 1079.5 699.5 1092.5
444.5 1653.5 442.5 1628.5
1591.5 2001.5 1592.5 2028.5
1651.5 1709.5 1680.5 1712.5
1627.5 547.5 1635.5 575.5
942.5 269.5 932.5 243.5
1283.5 1134.5 1257.5 1146.5
224.5 1343.5 213.5 1320.5
516.5 525.5 494.5 541.5
1275.5 1008.5 1301.5 1017.5
705.5 48.5 734.5 43.5
474.5 1472.5 445.5 1476.5
1284.5 1795.5 1272.5 1822.5
1382.5 498.5 1387.5 470.5
1816.5 1885.5 1825.5 1858.5
1343.5 558.5 1326.5 582.5
333.5 717.5 328.5 709.5
604.5 1220.5 632.5 1214.5
1781.5 834.5 1808.5 822.5
1352.5 838.5 1376.5 821.5
1839.5 1964.5 1851.5 1991.5
1895.5 1935.5 1876.5 1913.5
1862.5 607.5 1882.5 587.5
821.5 1558.5 811.5 1541.5
147.5 686.5 117.5 695.5
1169.5 1185.5 1183.5 1213.5
1631.5 173.5 1617.5 199.5
1120.5 253.5 1132.5 224.5
725.5 1986.5 737.5 1957.5
1664.5 46.5 1690.5 64.5
495.5 1912.5 500.5 1936.5
1288.5 1302.5 1310.5 1279.5
1302.5 1760.5 1311.5 1737.5
125.5 437.5 100.5 450.5
763.5 1736.5 741.5 1758.5
1490.5 1521.5 1466.5 1542.5
377.5 490.5 402.5 485.5
172.5 822.5 169.5 853.5
1453.5 1462.5 1438.5 1438.5
1563.5 650.5 1575.5 620.5
142.5 1675.5 139.5 1707.5
385.5 817.5 414.5 829.5
952.5 840.5 934.5 815.5
164.333 1047.33 191.5 1030.5
825.5 1690.5 844.5 1671.5
124.5 586.5 115.5 556.5
198.5 420.5 176.5 444.5
1626.5 1924.5 1656.5 1938.5
1603.5 994.5 1585.5 968.5
1725.5 2047.5 1692.5 2052.5
134.5 326.5 104.5 340.5
1667.5 139.5 1672.5 159.5
1172.5 499.5 1201.5 483.5
718.5 1916.5 687.5 1924.5
1174.5 353.5 1172.5 385.5
546.5 1406.5 542.5 1374.5
714.5 1806.5 735.5 1812.5
379.5 1949.5 404.5 1935.5
173.5 1358.5 193.5 1385.5
1125.5 623.5 1151.5 644.5
411.5 131.5 387.5 155.5
806.5 382.5 832.5 380.5
1327.5 1828.5 1318.5 1795.5
610.5 324.5 633.5 337.5
995.5 1989.5 1025.5 1973.5
1951.5 1566.5 1962.5 1534.5
1065.5 953.5 1078.5 921.5
1429.5 1341.5 1419.5 1308.5
1530.5 657.5 1500.5 669.5
1653.5 1119.5 1663.5 1149.5
473.5 877.5 486.5 845.5
601.5 1155.5 576.5 1178.5
1993.5 1048.5 1958.5 1050.5
200.5 1238.5 226.5 1252.5
367.5 1898.5 383.5 1873.5
1442.5 1514.5 1461.5 1493.5
1698.5 277.5 1686.5 307.5
1449.5 628.5 1458.33 661.333
1384.5 1902.5 1413.5 1896.5
382.5 531.5 371.5 499.5
255.5 1262.5 279.5 1237.5
1680.5 1712.5 1701.5 1684.5
306.5 1068.5 283.5 1046.5
294.5 2022.5 259.5 2027.5
2022.5 1108.5 1989.5 1115.5
1503.5 298.5 1523.5 327.5
1868.5 782.5 1834.5 782.5
966.5 636.5 995.5 653.5
289.5 1205.5 261.5 1186.5
1832.5 1513.5 1811.5 1493.5
582.5 1868.5 617.5 1875.5
854.5 897.5 883.5 907.5
1918.5 2010.5 1950.5 2005.5
1315.5 1643.5 1288.5 1621.5
530.5 1699.5 498.5 1713.5
1586.5 1526.5 1620.5 1538.5
84.5 1442.5 111.5 1426.5
1751.5 310.5 1761.5 275.5
854.5 245.5 823.5 247.5
1305.5 1389.5 1283.5 1360.5
1267.5 1800.5 1233.5 1791.5
696.5 516.5 679.5 484.5
1017.5 573.5 1051.5 564.5
1230.5 521.5 1266.5 523.5
589.5 1238.5 604.5 1220.5
1461.5 1493.5 1453.5 1462.5
1257.5 1146.5 1246.5 1174.5
141.5 783.5 176.5 773.5
194.5 1684.5 164.5 1663.5
1794.5 1988.5 1792.5 2022.5
950.5 863.5 952.5 840.5
1270.5 1696.5 1242.5 1703.5
1958.5 1050.5 1939.5 1082.5
1521.5 1374.5 1552.5 1395.5
781.5 1226.5 778.5 1192.5
2003.5 1559.5 1970.5 1544.5
1788.5 376.5 1796.5 342.5
861.5 452.5 854.5 489.5
636.5 1573.5 645.5 1538.5
1088.5 616.5 1125.5 623.5
1220.5 337.5 1183.67 340.667
1719.5 1418.5 1692.5 1393.5
341.5 553.5 370.5 550.5
464.5 885.5 473.5 877.5
262.5 1134.5 277.5 1100.5
607.5 244.5 641.5 260.5
1909.5 1438.5 1945.5 1451.5
1050.5 1038.5 1049.5 1076.5
1515.5 1712.5 1553.5 1709.5
1680.5 1482.5 1652.5 1456.5
1460.5 1556.5 1432.5 1530.5
1959.5 1118.5 1992.5 1107.5
261.5 247.5 294.5 228.5
1632.5 590.5 1605.5 563.5
1093.5 1844.5 1079.5 1869.5
958.5 576.5 941.5 610.5
651.5 545.5 689.5 537.5
1175.5 954.5 1214.5 955.5
83.5 1809.5 55.5 1834.5
1960.5 1610.5 1986.5 1610.5
1917.5 189.5 1902.5 155.5
1317.5 413.5 1348.5 437.5
1134.5 515.5 1144.5 552.5
1740.5 354 1766.5 381.5
1620.5 1538.5 1628.5 1575.5
1249.5 1881.5 1254.5 1916.5
1836.5 604.5 1862.5 607.5
1796.5 342.5 1770.5 321.5
782.5 1019.5 797.5 983.5
1087.5 919.5 1122.5 911.5
219.5 2036.5 185.5 2018.5
1255.5 1859.5 1272.5 1830.5
1488.5 356.5 1490.5 391.5
531.5 653.5 568.5 666.5
1234.5 1211.5 1227.5 1172.5
1396.5 402.5 1379.5 370.5
745.5 1013.5 782.5 1019.5
721.5 1734.5 723.5 1697.5
1339.5 2021.5 1366.5 1997.5
219.5 1902.5 180.5 1893.5
1039.5 2046.5 1013.5 2042.5
1009.5 1889.5 973.5 1873.5
476.5 1969.5 462.5 2000.5
253.5 405.5 260.5 421.5
1967.5 1733.5 1974.5 1769.5
1974.5 1769.5 2011.5 1766.5
1403.5 1445.5 1399.5 1406.5
830.5 1080.5 831.5 1119.5
1749.5 1137.5 1738.5 1098.5
1523.5 327.5 1562.5 328.5
408.5 837.5 375.5 859.5
699.5 2040.5 677.5 2057.5
393.5 910.5 419.5 895.5
987.5 1204.5 1020.5 1227.5
866.5 1181.5 873.5 1221.5
1061.5 889.5 1087.5 919.5
854.5 759.5 894.5 768.5
1446.5 858.5 1449.5 818.5
1792.5 2022.5 1806.5 2055.5
1403.5 1168.5 1444.5 1172.5
367.5 2067.5 338.5 2041
1665.5 262.5 1698.5 277.5
1250.5 1574.5 1275.5 1593.5
962.5 1237.5 987.5 1204.5
1463.5 124.5 1465.5 164.5
140.5 64.5 173.5 42.5
937.5 115.5 974.5 100.5
284.5 304.5 246.5 289.5
173.5 42.5 212.5 57.5
183.5 220.5 223.5 216.5
612.5 204.5 607.5 244.5
1085.5 191.5 1052.5 217.5
1459.67 662.667 1500.5 669.5
1626.5 220.5 1665.5 222.5
1166.5 773.5 1201.5 794.5
741.5 1275.5 752.5 1315.5
612.5 106.5 642.5 78.5
763.5 870.5 728.5 893.5
523.5 1191.5 492.5 1169.5
583.5 1826.5 582.5 1868.5
1335.5 465.5 1335.5 500.5
1953.5 353.5 1975.5 389.5
228.5 207.5 229.5 237.5
1318.5 2016.5 1283.5 1995.5
136.5 1022.5 164.333 1047.33
219.5 474.5 235.5 435.5
835.5 682.5 808.5 706.5
573.5 699.5 537.5 682.5
495.5 1509.5 474.5 1472.5
1205.5 608.5 1197.5 567.5
1665.5 222.5 1680.5 186.5
1563.5 908.5 1546.5 947.5
1025.5 943.5 1065.5 953.5
1378.5 617.5 1384.5 580.5
1975.5 510.5 1935.5 525.5
988.5 313.5 966.5 338.5
1025.5 1973.5 1033.5 1931.5
1624.5 918.5 1665.5 919.5
1373.5 1290.5 1353.5 1327.5
582.5 882.5 614.5 896.5
2083.5 738.5 2045.5 758.5
1484.5 1292.5 1468.5 1332.5
261.5 1186.5 218.5 1183.5
1604.5 1180.5 1585.5 1151.5
1882.5 587.5 1861.5 553.5
1771.5 1276.5 1801.5 1306.5
1214.5 955.5 1236.5 986.5
1417.5 463.5 1395.5 486.5
961.5 427.5 1002.5 430.5
1989.5 1115.5 1983.5 1149.5
762.5 603.5 791.5 592.5
92.5 1630.5 49.5 1625.5
1582.5 1353.5 1568.5 1318.5
105.5 41.5 140.5 64.5
955.5 770.5 918.5 750.5
1246.5 1174.5 1277.5 1204.5
1172.5 1030.5 1168.5 1073.5
900.5 1292.5 861.5 1273.5
185.5 2018.5 154.5 2023.5
1368.5 55.5 1390.5 19.5
21.5 1171.5 0.5 1137.5
1119.5 1649.5 1161.5 1661.5
765.5 1096.5 725.5 1079.5
1489.5 613.5 1449.5 628.5
131.5 1417.5 138.5 1382.5
409.5 1669.5 444.5 1653.5
43.5 699.5 64.5 735.5
419.5 402.5 461.5 415.5
906.5 894.5 946.5 876.5
908.5 472.5 875.5 446.5
209.5 1612.5 248.5 1628.5
1255.5 1531.5 1229.5 1496.5
1489.5 750.5 1516.5 717.5
1169.5 1492.5 1197.5 1482.5
49.5 1625.5 46.5 1669.5
1178.5 511.5 1134.5 515.5
287.5 602.5 330.5 607.5
765.5 1716.5 782.5 1675.5
1271.5 1948.5 1315.5 1952.5
675.5 1634.5 650.5 1599.5
1701.5 1684.5 1674.5 1658.5
831.5 1838.5 795.5 1836.5
1692.5 805.5 1709.5 846.5
204.5 866.5 160.5 870.5
1943.5 1327.5 1975.5 1296.5
1366.5 364.5 1332.5 339.5
943.5 987.5 984.5 992.5
2036.5 1200.5 2069.5 1171.5
1065.5 42.5 1047.5 6.5
862.5 792.5 836.5 758.5
1585.5 1151.5 1551.5 1170.5
331.5 972.5 365.5 943.5
2041.5 1389.5 2007.5 1360.5
900.5 1292.5 928.5 1304.5
801.5 315.5 776.5 283.5
1302.5 1975.5 1318.5 2016.5
644.5 875.5 616.5 842.5
1951.5 1566.5 1960.5 1610.5
1891.5 1418.5 1909.5 1438.5
1136.5 1960.5 1102.5 1959.5
934.5 462.5 957.5 425.5
1411.5 1270.5 1428.5 1301.5
870.5 701.5 915.5 703.5
863.5 1651.5 846.5 1611.5
277.5 1100.5 306.5 1068.5
1535.5 212.5 1580.5 215.5
1065.5 1085.5 1106 1066
100.5 450.5 59.5 461.5
713.5 1672.5 671.5 1657.5
724.5 1438.5 751.5 1402.5
1307.5 835.5 1352.5 838.5
884.5 1232.5 916.5 1233.5
573.5 94.5 612.5 106.5
1904.5 1012.5 1861.5 1010.5
861.5 1273.5 856.5 1318.5
235.5 435.5 198.5 420.5
1176.5 877.5 1150.5 893.5
1966.5 1957.5 1923.5 1960.5
1617.5 291.5 1606.5 247.5
1731.5 1875.5 1720.5 1831.5
521.5 983.5 555.5 956.5
1638.5 1361.5 1619.5 1396.5
1449.5 818.5 1408.5 802.5
1430.5 953.5 1435.5 995.5
1700.5 1523.5 1680.5 1482.5
1911.5 840.5 1921.5 884.5
1444.5 1172.5 1441.5 1130.5
1685.5 1462.5 1720.5 1475.5
160.5 477.5 125.5 493.5
1650.5 1587.5 1693.5 1602.5
419.5 702.5 386.5 733.5
1338.5 1871.5 1327.5 1828.5
591.5 176.5 559.5 148.5
1961.5 1389.5 1923.5 1382.5
1955.5 223.5 1982.5 246.5
1102.5 1959.5 1085.5 2000.5
1801.5 1306.5 1830.5 1285.5
398.5 1625.5 409.5 1669.5
1772.5 1235.5 1771.5 1276.5
581.5 1746.5 622.5 1725.5
1562.5 328.5 1608.5 332.5
1874.5 1887.5 1830.5 1876.5
1662.5 811.5 1652.5 769.5
579.5 1422.5 608.5 1458.5
1297.5 17.5 1267.5 51.5
88.5 732.5 102.5 693.5
1399.5 991.5 1374.5 1001.5
927.5 70.5 937.5 115.5
1274.5 679.5 1300.5 704.5
622.5 1725.5 637.5 1714.5
1334.5 1895.5 1296.5 1880.5
1109.5 2015.5 1142.5 1994.5
1795.5 1934.5 1789.5 1980.5
741.5 1535.5 761.5 1498.5
1935.5 809.5 1981.5 814.5
1384.5 580.5 1343.5 558.5
37.5 1404.5 33.5 1449.5
57.5 143.5 70.5 100.5
1194.5 1517.5 1155.5 1523.5
735.5 1812.5 776.5 1796.5
1418.5 64.5 1448.5 41.5
1665.5 222.5 1665.5 262.5
1134.5 1340.5 1146.5 1295.5
1416.5 1518.5 1386.5 1499.5
2035.5 308.5 1993.5 304.5
290.5 458.5 316.5 435.5
903.5 734.5 859.5 722.5
411.5 1385.5 385.5 1418.5
1832.5 66.5 1813.5 109.5
513.5 1632.5 473.5 1645.5
458.5 202.5 499.5 179.5
864.5 1764.5 844.5 1806.5
1108.5 1055.5 1071.5 1026.5
274.5 1855.5 283.5 1809.5
1518.5 146.5 1544.5 119.5
1931.5 602.5 1966.5 629.5
542.5 436.5 514.5 473.5
1628.5 1575.5 1650.5 1587.5
1272.5 1822.5 1290.5 1849.5
1556.5 1423.5 1540.5 1466.5
636.5 963.5 589.5 964.5
354.5 492.5 314.5 511.5
795.5 1624.5 753.5 1617.5
279.5 1237.5 289.5 1205.5
333.5 763.5 333.5 717.5
1733.5 1324.5 1723.5 1370.5
1985.5 1428.5 1961.5 1389.5
612.5 133.5 592.5 172.5
1091.5 1201.5 1052.5 1174.5
1390.5 2067.5 1358.5 2032.5
1883.5 827.5 1868.5 782.5
473.5 1645.5 483.5 1680.5
306.5 1236.5 280.5 1269.5
695.5 1530.5 741.5 1535.5
1511.5 636.5 1547.5 654.5
1870.5 693.5 1908.5 686.5
557.5 1013.5 521.5 983.5
547.5 149.5 514.5 153.5
887.5 561.5 925.5 584.5
1244.5 911.5 1231.5 869.5
1861.5 553.5 1815.5 555.5
2011.5 1766.5 2028.5 1807.5
655.5 424.5 635.5 466.5
198.5 1306.5 152.5 1317.5
718.5 779.5 764.5 784.5
153.5 474.5 125.5 437.5
1728.5 82.5 1690.5 64.5
87.5 1863.5 110.5 1822.5
758.5 334.5 801.5 315.5
1004.5 533.5 1017.5 573.5
1751.5 797.5 1781.5 834.5
1972.5 632.5 2009.5 602.5
894.5 768.5 920.5 808.5
1117.5 1445.5 1128.5 1400.5
463.5 1539.5 495.5 1509.5
748.5 924.5 785.5 897.5
1811.5 1493.5 1767.5 1506.5
1122.5 844.5 1164.5 867.5
511.5 1959.5 523.5 2000.5
677.5 9.5 705.5 48.5
991.5 8.5 964.5 45.5
899.5 290.5 942.5 269.5
1466.5 1542.5 1501.5 1575.5
334.5 46.5 367.5 19.5
1056.5 1259.5 1082.5 1299.5
131.5 539.5 144.5 577.5
1201.5 1228.5 1234.5 1211.5
1746.5 1594.5 1759.5 1561.5
246.5 289.5 237.5 333.5
1461.5 712.5 1489.5 750.5
748.5 1457.5 718.5 1465.5
1857.5 170.5 1871.5 216.5
768.5 108.5 746.5 65.5
260.5 421.5 290.5 458.5
514.5 153.5 542.5 119.5
1537.5 341.5 1492.5 345.5
442.5 1628.5 398.5 1625.5
1999.5 1085.5 1993.5 1048.5
1902.5 155.5 1857.5 170.5
381.5 221.5 362.5 177.5
1296.5 1880.5 1249.5 1881.5
642.5 1677.5 620.5 1656.5
592.5 172.5 612.5 204.5
1830.5 1876.5 1834.5 1924.5
1690.5 64.5 1733.5 58.5
1116.5 1649.5 1068.5 1643.5
1692.5 1801.5 1651.5 1826.5
226.5 37.5 217.5 10.5
1492.5 345.5 1484.5 297.5
541.5 1607.5 513.5 1632.5
1051.5 1114.5 1085.5 1140.5
831.5 1119.5 877.5 1131.5
341.5 2015.5 377.5 1982.5
1709.5 846.5 1752.5 832.5
1863.5 96.5 1832.5 66.5
204.5 866.5 243.5 894.5
1446.5 1794.5 1472.5 1756.5
1177.5 739.5 1166.5 773.5
1150.5 442.5 1118.5 479.5
1649.5 1765.5 1600.5 1769.5
1144.5 552.5 1098.5 540.5
1229.5 1708.5 1227.5 1757.5
1773.5 1656.5 1821.5 1654.5
1448.5 41.5 1459.5 75.5
1020.5 622.5 991.5 584.5
1861.5 1010.5 1863.5 1051.5
620.5 1656.5 592.5 1662.5
768.5 1577.5 790.5 1611.5
1879.5 641.5 1832.5 652.5
1311.5 1737.5 1317.5 1688.5
705.5 518.5 742.5 545.5
633.5 337.5 663.5 300.5
1022.5 1168.5 991.5 1146.5
1915.5 674.5 1879.5 641.5
1419.5 1308.5 1373.5 1290.5
1208.5 1441.5 1240.5 1475.5
1107.5 1594.5 1075.5 1631.5
956.5 2082.5 971.5 2038.5
720.5 107.5 768.5 108.5
995.5 653.5 1020.5 622.5
1459.5 75.5 1500.5 47.5
2007.5 1360.5 1991.5 1407.5
1085.5 1140.5 1052.5 1174.5
1068.5 1643.5 1090.5 1686.5
1774.5 2055.5 1725.5 2047.5
227.5 304.5 186.5 281.5
1623.5 829.5 1662.5 811.5
1575.5 620.5 1553.5 577.5
1359.5 526.5 1335.5 500.5
1995.5 1608.5 2003.5 1559.5
622.5 703.5 573.5 699.5
181.5 745.5 220.5 714.5
1551.5 1170.5 1520.5 1206.5
289.5 757.5 333.5 763.5
894.5 1792.5 864.5 1764.5
1854.5 834.5 1883.5 827.5
1564.5 1669.5 1522.5 1664.5
1201.5 15.5 1251.5 14.5
1694.5 334.5 1740.5 352
1164.5 818.5 1122.5 844.5
1072.5 1572.5 1089.5 1527.5
382.5 55.5 337.5 75.5
972.5 727.5 991.5 681.5
1697.5 1911.5 1656.5 1938.5
339.5 1255.5 306.5 1236.5
1089.5 1527.5 1040.5 1531.5
403.5 1552.5 450.5 1539.5
2000.5 1714.5 1967.5 1733.5
1068.5 1323.5 1113.5 1343.5
1752.5 832.5 1736.5 790.5
760.5 285.5 758.5 334.5
928.5 1304.5 965.5 1270.5
542.5 1374.5 497.5 1379.5
1776.5 599.5 1752.5 555.5
1188.5 409.5 1232.5 386.5
1180.5 248.5 1208.5 213.5
601.5 621.5 636.5 657.5
178.5 1433.5 128.5 1439
733.5 1179.5 683.5 1175.5
1386.5 1499.5 1336.5 1492.5
484.5 1265.5 460.667 1301.33
1479.5 1406.5 1496.5 1362.5
1644.5 1659.5 1651.5 1709.5
250.5 672.5 220.5 636.5
1733.5 58.5 1775.5 31.5
542.5 119.5 496.5 106.5
1079.5 1869.5 1125.5 1890.5
640.5 1375.5 632.5 1418.5
337.5 75.5 384.5 94.5
1698.5 1160.5 1746.5 1144.5
1500.5 669.5 1504.5 627.5
1116.5 1649.5 1140.5 1612.5
2059.5 1767.5 2011.5 1766.5
156.5 893.5 131.5 925.5
294.5 228.5 276.5 189.5
2040.5 1922.5 2057.5 1967.5
1117.5 789.5 1136.5 742.5
910.5 1744.5 904.5 1794.5
72.5 1444.5 29.6667 1464.67
483.5 1680.5 527.5 1660.5
823.5 247.5 818.5 286.5
1355.5 1457.5 1403.5 1445.5
1540.5 1466.5 1576.5 1502.5
1090.5 825.5 1052.5 858.5
119.5 822.5 103.5 774.5
100.5 450.5 125.5 493.5
298.5 212.5 336.5 245.5
1424 518.5 1450.5 495.5
751.5 1402.5 706.5 1384.5
485.5 670.5 503.5 707.5
1934.5 2041.5 1907.5 2009.5
297.5 1352.5 326.5 1394.5
1027.5 377.5 1029.5 327.5
336.5 245.5 377.5 235.5
790.5 1611.5 841.5 1610.5
267.5 898.5 296.5 861.5
859.5 722.5 835.5 682.5
462.5 151.5 458.5 202.5
958.5 1708.5 908.5 1716.5
1279.5 1532.5 1250.5 1574.5
1640.5 644.5 1644.5 605.5
753.5 2080.5 772.5 2033.5
1596.5 169.5 1638.5 140.5
1711.5 880.5 1704.5 927.5
991.5 584.5 958.5 576.5
2028.5 1807.5 2059.5 1767.5
88.5 1966.5 108.5 1919.5
1400.5 1495.5 1442.5 1514.5
884.5 241.5 899.5 290.5
1761.5 275.5 1734.5 236.5
1736.5 790.5 1692.5 805.5
1661.5 852.5 1616.5 875.5
1116.5 867.5 1090.5 825.5
1053.5 241.5 1095.5 263.5
598.5 1000.5 648.5 992.5
1324.5 1013.5 1374.5 1001.5
1178.5 2035.5 1132.5 2013.5
461.5 415.5 446.5 366.5
642.5 78.5 664.5 120.5
1529.5 1951.5 1517.5 1907.5
2008.5 1415.5 2041.5 1389.5
499.5 179.5 525.5 222.5
93.5 1204.5 86.5 1155.5
9.5 1967.5 56.5 1946.5
1283.5 1360.5 1235.5 1346.5
836.5 1713.5 795.5 1699.5
1984.5 758.5 1991.5 809.5
1262.5 1439.5 1299.5 1404.5
37.5 1516.5 86.5 1531.5
315.5 399.5 312.5 351.5
930.5 1852.5 936.5 1801.5
1122.5 499.5 1172.5 499.5
1374.5 757.5 1353.5 718.5
696.5 1218.5 735.5 1187.5
747.5 194.5 758.5 145.5
1628.5 1884.5 1626.5 1924.5
301.5 2007.5 341.5 2015.5
2054.5 1566.5 2024.5 1603.5
1587.5 669.5 1638.5 677.5
53.5 1173.5 93.5 1204.5
514.5 473.5 565.5 474.5
722.5 139.5 724.5 190.5
675.5 1724.5 644.5 1753.5
422.5 230.5 435.5 180.5
593.5 2047.5 639.5 2026.5
517.5 1998.5 476.5 1969.5
1448.5 1366.5 1470.5 1407.5
513.5 1888.5 484.5 1845.5
385.5 1418.5 431.5 1442.5
1806.5 2055.5 1851.5 2044.5
338.5 454.5 354.5 492.5
920.5 808.5 871.5 823.5
389.5 400.5 343.667 377.333
97.5 370.5 148.5 371.5
648.5 992.5 636.5 963.5
604.5 1637.5 575.5 1608.5
1040.5 1531.5 1072.5 1572.5
1921.5 1365.5 1914.5 1332.5
190.5 1478.5 178.5 1433.5
316.5 1944.5 295.5 1988.5
1410.5 1580.5 1455.5 1593.5
2052.5 1443 2007.5 1446.5
1815.5 555.5 1793.5 599.5
1938.5 415.5 1949.5 465.5
592.5 411.5 540.5 414.5
1218.5 1843.5 1190.5 1885.5
510.5 1314.5 505.5 1262.5
498.5 1713.5 520.5 1753.5
1387.5 470.5 1335.5 465.5
170.5 1560.5 118.5 1556.5
1786.5 949.5 1737.5 931.5
1706.5 115.5 1667.5 139.5
1723.5 1370.5 1773.5 1367.5
653.5 617.5 601.5 621.5
237.5 333.5 260.5 379.5
254.5 806.5 219.5 793.5
1097.5 1092.5 1051.5 1114.5
1495.5 438.5 1468.5 393.5
860.5 642.5 907.5 645.5
29.6667 1464.67 37.5 1516.5
545.5 1749.5 543.5 1702.5
27.5 523.5 0.5 546.5
813.5 803.5 862.5 792.5
663.5 360.5 713.5 368.5
1579.5 120.5 1596.5 169.5
38.5 804.5 62.5 768.5
8.5 124.5 57.5 143.5
735.5 1187.5 751.5 1237.5
1789.5 1980.5 1839.5 1964.5
1823.5 1411.5 1875.5 1411.5
856.5 1318.5 900.5 1292.5
1478.5 10.5 1448.5 41.5
446.5 366.5 419.5 402.5
326.5 1394.5 344.5 1346.5
898.5 607.5 860.5 642.5
592.5 1662.5 574.5 1698.5
1335.5 500.5 1297.5 533.5
1268.5 111.5 1242.5 146.5
1516.5 717.5 1550.5 693.5
1541.5 154.5 1531.5 203.5
338.5 2041 294.5 2022.5
1268.5 177.5 1317.5 171.5
1611.5 1051.5 1640.5 1088.5
879.5 1075.5 830.5 1080.5
564.5 753.5 614.5 754.5
542.5 1221.5 589.5 1238.5
462.5 2000.5 511.5 2014.5
507.5 1432.5 517.5 1484.5
915.5 703.5 892.5 657.5
1362.5 316.5 1369.5 347.5
879.5 1492.5 869.5 1440.5
971.5 2038.5 919.5 2036.5
1638.5 140.5 1592.5 114.5
505.5 1415.5 546.5 1406.5
636.5 657.5 653.5 617.5
1992.5 190.5 1955.5 223.5
1297.5 533.5 1343.5 558.5
1139.5 232.5 1166.5 251.5
635.5 466.5 686.5 451.5
2028.5 222.5 1992.5 190.5
1065.5 42.5 1094.5 74.5
131.5 925.5 172.5 955.5
1094.5 74.5 1125.5 31.5
107.5 884.5 60.5 859.5
334.5 563.5 285.5 576.5
512.5 1042.5 559.5 1027.5
478.5 1352.5 437.5 1382.5
952.5 1895.5 987.5 1930.5
1621.5 14.5 1644.5 61.5
332.5 1697.5 359.5 1736.5
795.5 1624.5 789.5 1677.5
880.5 853.5 854.5 897.5
568.5 616.5 553.5 593.5
903.5 1239.5 900.5 1292.5
1335.5 500.5 1382.5 498.5
1335.5 1823.5 1383.5 1806.5
1851.5 2044.5 1851.5 1991.5
1217.5 831.5 1177.5 798.5
1297.5 2065.5 1318.5 2016.5
594.5 47.5 573.5 94.5
548.5 1917.5 495.5 1912.5
1330.5 602.5 1378.5 617.5
434.5 468.5 408.5 428.5
614.5 754.5 622.5 703.5
124.5 1843.5 176.5 1856.5
537.5 682.5 485.5 670.5
1238.5 737.5 1217.5 704.5
894.5 514.5 908.5 472.5
364.5 869.5 393.5 910.5
743.5 1667.5 765.5 1716.5
931.5 534.5 887.5 561.5
1651.5 1826.5 1683.5 1864.5
1688.5 549.5 1641.5 523.5
524.5 2015.5 496.5 2059.5
175.5 985.5 136.5 1022.5
1868.5 362.5 1828.5 396.5
176.5 444.5 219.5 474.5
1390.5 19.5 1418.5 64.5
1680.5 186.5 1720.5 150.5
1145.5 914.5 1175.5 954.5
1187.5 557.5 1178.5 511.5
1503.5 606.5 1511.5 636.5
508.5 929.5 500.5 982.5
811.5 1541.5 764.5 1520.5
1540.5 2046.5 1491.5 2052.5
1383.5 665.5 1340.5 697.5
451.8 890.2 453 889
343.667 377.333 342.333 378.667
1458.33 661.333 1459.67 662.667
29.6667 1464.67 28.3333 1463.33
1422 518.5 1424 518.5
550.5 31 550.5 29
1740.5 352 1740.5 354
1652.5 1456.5 1650.5 1454.5
715.5 1675.5 713.5 1672.5
2008.5 1182.5 2010.5 1185.5
663.5 1457.5 664.5 1453.5
1247.5 908.5 1244.5 911.5
957.5 425.5 961.5 427.5
608.5 1507.5 610.5 1503.5
7.5 1446.5 4.5 1443
1272.5 108.5 1268.5 111.5
846.5 1611.5 841.5 1610.5
1202.5 1459.5 1203.5 1454.5
314.5 404.5 315.5 399.5
1633.5 595.5 1632.5 590.5
1757.5 1525.5 1757.5 1531.5
52.5 525.5 46.5 526.5
2040.5 350.5 2035.5 346.5
1966.5 629.5 1972.5 632.5
1653.5 1804.5 1656.5 1798.5
1084.5 563.5 1084.5 570.5
1719.5 1425.5 1719.5 1418.5
284.5 752.5 289.5 757.5
314.5 511.5 313.5 518.5
1319.5 1788.5 1318.5 1795.5
316.5 411.5 314.5 404.5
1746.5 1144.5 1749.5 1137.5
33.5 503.5 36.5 510.5
118.5 1556.5 115.5 1563.5
1102.5 1387.5 1108.5 1392.5
1427.5 1219.5 1419.5 1219.5
247.5 1262.5 255.5 1262.5
542.5 1213.5 542.5 1221.5
1901.5 1581.5 1909.5 1581.5
1734.5 236.5 1726.5 236.5
1272.5 1830.5 1272.5 1822.5
1928.5 1762.5 1927.5 1754.5
2004.5 515.5 1997.5 511.5
991.5 1146.5 983.5 1144.5
735.5 1187.5 733.5 1179.5
1837.5 1236.5 1834.5 1228.5
1915.5 832.5 1911.5 840.5
671.5 1642.5 675.5 1634.5
1470.5 1407.5 1479.5 1406.5
1832.5 652.5 1831.5 661.5
1986.5 1610.5 1995.5 1608.5
1095.5 263.5 1104.5 260.5
577.5 613.5 568.5 616.5
706.5 1384.5 710.5 1375.5
883.5 1084.5 879.5 1075.5
574.5 1698.5 570.5 1707.5
1531.5 203.5 1535.5 212.5
1293.5 93.5 1284.5 97.5
1590.5 867.5 1597.5 860.5
414.5 829.5 408.5 837.5
1128.5 1400.5 1138.5 1400.5
1448.5 41.5 1448.5 31.5
208.5 909.5 209.5 899.5
1318.5 446.5 1317.5 436.5
46.5 1347.5 36.5 1348.5
226.5 314.5 227.5 304.5
904.5 1794.5 894.5 1792.5
1727.5 933.5 1737.5 931.5
1509.5 151.5 1518.5 146.5
223.5 216.5 228.5 207.5
866.5 1847.5 876.5 1850.5
985.5 1986.5 995.5 1989.5
115.5 556.5 108.5 548.5
1132.5 224.5 1139.5 232.5
1002.5 430.5 1008.5 421.5
1291.5 1601.5 1302.5 1601.5
159.5 1536.5 158.5 1525.5
838.5 1585.5 836.5 1574.5
1577.5 165.5 1567.5 160.5
356.5 1947.5 346.5 1942.5
1047.5 2054.5 1039.5 2046.5
818.5 286.5 824.5 296.5
660.5 1700.5 666.5 1710.5
954.5 1759.5 964.5 1753.5
1492.5 345.5 1488.5 356.5
1348.5 1413.5 1344.5 1424.5
741.5 1758.5 729.5 1757.5
1600.5 971.5 1612.5 972.5
559.5 148.5 547.5 149.5
72.5 1444.5 84.5 1442.5
1248.5 1270.5 1238.5 1277.5
1902.5 1945.5 1895.5 1935.5
1008.5 421.5 1011.5 409.5
374.5 751.5 370.5 763.5
1863.5 1051.5 1872.5 1060.5
994.5 956.5 986.5 946.5
450.5 1539.5 463.5 1539.5
794.5 1889.5 807.5 1889.5
703.5 505.5 705.5 518.5
1204.5 872.5 1191.5 874.5
543.5 1702.5 530.5 1699.5
1284.5 14.5 1297.5 17.5
533.5 585.5 521.5 579.5
1185.5 175.5 1181.5 162.5
742.5 545.5 738.5 558.5
1214.5 1830.5 1218.5 1843.5
776.5 1796.5 789.5 1792.5
1438.5 942.5 1430.5 953.5
946.5 876.5 950.5 863.5
1908.5 686.5 1915.5 674.5
752.5 1315.5 764.5 1322.5
758.5 145.5 745.5 140.5
846.5 521.5 833.5 516.5
1242.5 1703.5 1229.5 1708.5
1203.5 1454.5 1208.5 1441.5
559.5 1027.5 557.5 1013.5
1197.5 567.5 1187.5 557.5
492.5 1169.5 478.5 1171.5
503.5 1031.5 512.5 1042.5
1172.5 385.5 1178.5 398.5
1592.5 114.5 1579.5 120.5
1262.5 1002.5 1275.5 1008.5
1379.5 370.5 1366.5 364.5
46.5 1669.5 52.5 1682.5
916.5 1233.5 903.5 1239.5
1166.5 251.5 1180.5 248.5
1127.5 727.5 1115.5 719.5
872.5 841.5 880.5 853.5
1909.5 201.5 1917.5 189.5
1939.5 1574.5 1951.5 1566.5
377.5 235.5 381.5 221.5
596.5 425.5 592.5 411.5
1577.5 903.5 1563.5 908.5
375.5 859.5 364.5 869.5
1644.5 605.5 1633.5 595.5
1178.5 398.5 1188.5 409.5
1061.5 874.5 1061.5 889.5
1969.5 925.5 1969.5 910.5
109.5 229.5 109.5 214.5
1303.5 915.5 1294.5 903.5
1431.5 1793.5 1446.5 1794.5
1250.5 1255.5 1248.5 1270.5
486.5 845.5 488.5 830.5
2026.5 237.5 2028.5 222.5
1332.5 339.5 1318.5 345.5
875.5 446.5 861.5 452.5
260.5 820.5 254.5 806.5
737.5 1653.5 743.5 1667.5
1585.5 1801.5 1593.5 1814.5
632.5 1418.5 624.5 1405.5
1585.5 968.5 1600.5 971.5
1191.5 874.5 1176.5 877.5
986.5 946.5 975.5 935.5
873.5 1221.5 884.5 1232.5
279.5 1907.5 289.5 1919.5
1802.5 1892.5 1816.5 1885.5
42.5 1920.5 28.5 1913.5
934.5 815.5 920.5 808.5
1183.67 340.667 1174.5 353.5
436.5 1080.5 449.5 1071.5
1235.5 1565.5 1240.5 1550.5
1966.5 847.5 1961.5 832.5
1868.5 745.5 1868.5 729.5
21.5 1404.5 37.5 1404.5
533.5 1484.5 517.5 1484.5
1335.33 155.333 1343.5 141.5
776.5 283.5 760.5 285.5
165.5 644.5 151.5 652.5
1299.5 1404.5 1305.5 1389.5
1851.5 1991.5 1836.5 1985.5
1284.5 97.5 1272.5 108.5
1997.5 1542.5 2008.5 1554.5
1547.5 654.5 1563.5 650.5
1983.5 1149.5 1990.5 1164.5
666.5 1710.5 675.5 1724.5
1573.5 1024.5 1589.5 1019.5
2037.5 1116.5 2022.5 1108.5
716.5 2041.5 699.5 2040.5
511.5 2014.5 517.5 1998.5
1513.5 1335.5 1519.5 1319.5
1769.5 1600.5 1767.5 1617.5
1604.5 1412.5 1587.5 1414.5
1923.5 1382.5 1921.5 1365.5
705.5 488.5 703.5 505.5
503.5 632.5 519.5 639
1104.5 260.5 1120.5 253.5
1875.5 1411.5 1891.5 1418.5
952.5 351.5 935.5 355.5
1439.5 1688.5 1455.5 1681.5
1704.5 1540.5 1700.5 1523.5
655.5 159.5 646.5 144.5
1136.5 742.5 1127.5 727.5
1807.5 1551.5 1792.5 1560.5
654.5 1179.5 645.5 1164.5
1709.5 1924.5 1697.5 1911.5
1466.5 1252.5 1453.5 1240.5
1834.5 782.5 1847.5 770.5
1634.5 2050.5 1621.5 2062.5
1338.5 657.5 1324.5 646.5
174.5 488.5 160.5 477.5
755.5 1264.5 741.5 1275.5
1302.5 1601.5 1318.5 1593.5
1061.5 889.5 1045.5 881.5
1926.5 2057.5 1934.5 2041.5
1275.5 1593.5 1291.5 1601.5
371.5 1957.5 356.5 1947.5
871.5 823.5 872.5 841.5
1944.5 1108.5 1959.5 1118.5
1208.5 213.5 1206.5 195.5
795.5 800.5 813.5 803.5
1049.5 1076.5 1065.5 1085.5
1052.5 858.5 1061.5 874.5
225.5 1148.5 241.5 1139.5
1881.5 375.5 1868.5 362.5
371.5 499.5 354.5 492.5
259.5 2027.5 252.5 2044.5
871.5 252.5 854.5 245.5
1575.5 878.5 1590.5 867.5
1593.5 1814.5 1604.5 1829.5
718.5 722.5 713.5 740.5
454.5 1234.5 472.5 1239.5
1996.5 436.5 1991.5 418.5
97.5 1648.5 92.5 1630.5
718.5 1465.5 701.5 1473.5
1228.5 753.5 1238.5 737.5
645.5 1164.5 629.5 1154.5
1368.5 1892.5 1384.5 1902.5
273.5 1889.5 279.5 1907.5
1710.5 1943.5 1709.5 1924.5
1331.5 1140.5 1312.5 1139.5
36.5 1348.5 17.5 1347.5
1792.5 1560.5 1779.5 1574.5
159.5 374.5 173.5 387.5
1477.5 1628.5 1463.5 1615.5
899.5 229.5 884.5 241.5
46.5 526.5 27.5 523.5
764.5 1322.5 781.5 1331.5
1969.5 315.5 1960.5 332.5
419.5 1487.5 410.5 1504.5
1242.5 146.5 1247.5 165.5
1619.5 1896.5 1611.5 1878.5
1975.5 1296.5 1967.5 1278.5
1055.5 59.5 1065.5 42.5
1777.5 732.5 1764.5 747.5
295.5 1988.5 301.5 2007.5
1677.5 864.5 1661.5 852.5
393.5 1715.5 394.5 1695.5
1975.5 389.5 1995.5 387.5
125.5 493.5 105.5 491.5
640.5 1821.5 622.5 1812.5
549.5 1194.5 542.5 1213.5
1973.5 1976.5 1966.5 1957.5
1059.5 478.5 1078.5 485.5
1118.5 479.5 1122.5 499.5
1326.5 582.5 1330.5 602.5
1504.5 627.5 1489.5 613.5
679.5 1786.5 693.5 1801.5
213.5 1320.5 198.5 1306.5
658.5 484.5 643.5 498.5
805.5 319.5 795.5 337.5
1132.5 2013.5 1116.5 2026.5
673.5 1497.5 678.5 1517.5
1321.5 1543.5 1302.5 1535.5
528.5 1432.5 507.5 1432.5
615.5 47.5 594.5 47.5
679.5 484.5 658.5 484.5
1903.5 1966.5 1902.5 1945.5
1074.5 23.5 1065.5 42.5
500.5 982.5 521.5 983.5
1429.5 1622.5 1418.5 1640.5
1084.5 570.5 1082.5 591.5
1182.5 1577.5 1203.5 1579.5
928.5 972.5 943.5 987.5
248.5 1628.5 263.5 1613.5
505.5 1262.5 484.5 1265.5
1557.5 818.5 1542.5 833.5
1134.5 1340.5 1113.5 1343.5
1893.5 215.5 1909.5 201.5
499.5 728.5 503.5 749.5
1525.5 1353.5 1521.5 1374.5
503.5 707.5 499.5 728.5
663.5 300.5 650.5 283.5
678.5 1517.5 695.5 1530.5
1102.5 1153.5 1085.5 1140.5
323.5 1917.5 340.5 1904.5
553.5 593.5 533.5 585.5
1116.5 2026.5 1108.5 2046.5
1108.5 1392.5 1128.5 1400.5
241.5 1139.5 262.5 1134.5
1318.5 2016.5 1339.5 2021.5
693.5 1801.5 714.5 1806.5
1849.5 688.5 1870.5 693.5
386.5 733.5 374.5 751.5
2038.5 136.5 2056.5 124.5
1874.5 1754.5 1858.5 1769.5
111.5 1426.5 131.5 1417.5
836.5 1574.5 821.5 1558.5
849.5 1752.5 834.5 1736.5
921.5 1872.5 930.5 1852.5
449.5 1071.5 464.5 1055.5
734.5 43.5 753.5 32.5
828.5 581.5 850.5 581.5
276.5 189.5 254.5 189.5
1754.5 888.5 1737.5 874.5
328.5 709.5 329.5 687.5
1871.5 216.5 1893.5 215.5
1997.5 511.5 1975.5 510.5
1398.5 1473.5 1400.5 1495.5
217.5 2058.5 219.5 2036.5
689.5 537.5 696.5 516.5
1960.5 332.5 1953.5 353.5
1724.5 1597.5 1746.5 1594.5
1302.5 764.5 1323.5 772.5
294.5 34.5 313.5 22.5
370.5 550.5 382.5 531.5
1155.5 1332.5 1134.5 1340.5
1766.5 381.5 1788.5 376.5
1272.5 1822.5 1267.5 1800.5
1983.5 1473.5 1988.5 1495.5
1818.5 1389.5 1823.5 1411.5
455.5 595.5 470.5 612.5
919.5 2036.5 905.5 2054.5
807.5 1889.5 829.5 1883.5
1231.5 357.5 1220.5 337.5
1617.5 199.5 1626.5 220.5
1317.5 436.5 1317.5 413.5
745.5 140.5 722.5 139.5
1436.5 328.5 1449.5 347.5
115.5 1563.5 116.5 1586.5
118.5 1488.5 137.5 1501.5
834.5 1736.5 836.5 1713.5
1992.5 1107.5 1999.5 1085.5
1203.5 1369.5 1201.5 1346.5
462.5 796.5 439.5 799.5
1302.5 1535.5 1279.5 1532.5
1311.5 1371.5 1332.5 1381.5
651.5 1477.5 663.5 1457.5
160.5 870.5 156.5 893.5
724.5 190.5 747.5 194.5
1975.5 2024.5 1971.5 2047.5
312.5 351.5 296.5 334.5
1301.5 1017.5 1324.5 1013.5
80.5 1386.5 76.5 1363.5
232.5 1808.5 224.5 1830.5
723.5 1697.5 715.5 1675.5
1183.5 1213.5 1201.5 1228.5
1197.5 1482.5 1202.5 1459.5
1415.5 1360.5 1429.5 1341.5
101.5 628.5 115.5 609.5
1399.5 1406.5 1380.5 1392.5
2048.5 1137.5 2037.5 1116.5
771.5 502.5 765.5 479.5
1704.5 927.5 1727.5 933.5
1315.5 1952.5 1321.5 1929.5
1185.5 621.5 1205.5 608.5
1124.5 168.5 1124.5 192.5
1773.5 1367.5 1774.5 1343.5
1775.5 31.5 1774.5 7.5
2024.5 1713.5 2000.5 1714.5
770.5 526.5 771.5 502.5
367.5 1525.5 350.5 1508.5
764.5 1520.5 757.5 1543.5
1361.5 103.5 1344.5 86.5
1294.5 1354.5 1311.5 1371.5
1317.5 171.5 1335.33 155.333
189.5 1400.5 173.5 1382.5
496.5 11.5 494.5 35.5
807.5 1322.5 823.5 1304.5
162.5 1736.5 186.5 1738.5
138.5 1382.5 128.5 1360.5
186.5 509.5 174.5 488.5
193.5 1385.5 217.5 1382.5
1247.5 165.5 1268.5 177.5
1071.5 1026.5 1050.5 1038.5
64.5 735.5 88.5 732.5
1240.5 1550.5 1255.5 1531.5
1020.5 1227.5 1044.5 1231.5
243.5 894.5 267.5 898.5
399.5 222.5 422.5 230.5
1974.5 870.5 1966.5 847.5
212.5 57.5 226.5 37.5
1832.5 1260.5 1837.5 1236.5
842.5 1860.5 831.5 1838.5
108.5 548.5 131.5 539.5
1353.5 718.5 1340.5 697.5
115.5 609.5 124.5 586.5
449.5 571.5 455.5 595.5
1581.5 645.5 1587.5 669.5
1267.5 1237.5 1250.5 1255.5
1449.5 347.5 1473.5 354.5
1644.5 61.5 1664.5 46.5
1546.5 947.5 1531.5 967.5
1052.5 1174.5 1027.5 1174.5
164.5 1663.5 142.5 1675.5
1821.5 1654.5 1844.5 1644.5
207.5 1587.5 209.5 1612.5
2042.5 1508.5 2067.5 1511.5
601.5 621.5 577.5 613.5
1650.5 1454.5 1642.5 1430.5
1596.5 1204.5 1604.5 1180.5
585.5 2023.5 593.5 2047.5
520.5 1753.5 545.5 1749.5
1520.5 1206.5 1524.5 1231.5
1990.5 1164.5 2008.5 1182.5
244.5 1568.5 219.5 1573.5
500.5 1936.5 511.5 1959.5
1828.5 396.5 1845.5 415.5
974.5 100.5 985.5 77.5
701.5 1427.5 724.5 1438.5
1558.5 1918.5 1580.5 1931.5
1844.5 1644.5 1857.5 1622.5
1524.5 1231.5 1544.5 1247.5
892.5 1108.5 883.5 1084.5
1082.5 591.5 1088.5 616.5
431.5 1442.5 456.5 1436.5
399.5 1023.5 393.5 1048.5
703.5 422.5 718.5 401.5
392.5 197.5 399.5 222.5
1368.5 976.5 1344.5 966.5
252.5 2044.5 262.5 2068.5
1576.5 1502.5 1586.5 1526.5
314.5 1534.5 324.5 1558.5
1231.5 2012.5 1205.5 2013.5
1478.5 1654.5 1477.5 1628.5
738.5 558.5 740.5 584.5
1138.5 1400.5 1140.5 1426.5
1013.5 2042.5 991.5 2056.5
285.5 576.5 287.5 602.5
1876.5 1913.5 1874.5 1887.5
410.5 1504.5 396.5 1526.5
1764.5 747.5 1767.5 773.5
167.5 1586.5 170.5 1560.5
437.5 1382.5 411.5 1385.5
1116.5 1285.5 1141.5 1277.5
1690.5 214.5 1665.5 222.5
935.5 355.5 918.5 375.5
1993.5 304.5 1969.5 315.5
383.5 1873.5 372.5 1849.5
617.5 1875.5 638.5 1859.5
167.5 199.5 183.5 220.5
1229.5 813.5 1252.5 800.5
641.5 260.5 664.5 247.5
1315.5 1952.5 1302.5 1975.5
1939.5 1082.5 1944.5 1108.5
1715.5 1089.5 1690.5 1098.5
1340.5 697.5 1362.5 712.5
1949.5 465.5 1975.5 471.5
1567.5 160.5 1541.5 154.5
28.3333 1463.33 7.5 1446.5
1353.5 1327.5 1329.5 1315.5
997.5 63.5 1016.5 82.5
394.5 1695.5 375.5 1676.5
1197.5 849.5 1217.5 831.5
1578.5 1224.5 1596.5 1204.5
396.5 1526.5 403.5 1552.5
138.5 1820.5 124.5 1843.5
1098.5 540.5 1084.5 563.5
2048.5 546.5 2055.5 572.5
1660.5 1452.5 1685.5 1462.5
824.5 1261.5 798.5 1254.5
1155.5 1523.5 1145.5 1548.5
1153.5 1239.5 1132.5 1222.5
137.5 1501.5 164.5 1503.5
1945.5 1451.5 1972.5 1448.5
1231.5 869.5 1204.5 872.5
2045.5 758.5 2048.5 785.5
370.5 763.5 367.5 790.5
1238.5 1277.5 1230.5 1303.5
1966.5 896.5 1974.5 870.5
219.5 793.5 194.5 804.5
103.5 774.5 78.5 785.5
126.5 760.5 141.5 783.5
1605.5 563.5 1578.5 558.5
146.5 2054.5 119.5 2049.5
1078.5 485.5 1104.5 476.5
781.5 1331.5 807.5 1322.5
844.5 1671.5 863.5 1651.5
1392.5 1559.5 1410.5 1580.5
340.5 1904.5 367.5 1898.5
1125.5 1890.5 1139.5 1866.5
1641.5 523.5 1627.5 547.5
13.5 1681.5 35.5 1664.5
1779.5 1574.5 1769.5 1600.5
1861.5 1352.5 1834.5 1359.5
1196.5 1396.5 1203.5 1369.5
2031.5 1635.5 2031.5 1663.5
629.5 1154.5 601.5 1155.5
1508.5 89.5 1480.5 91.5
313.5 518.5 321.5 545.5
1686.5 307.5 1694.5 334.5
1672.5 159.5 1680.5 186.5
445.5 1476.5 419.5 1487.5
765.5 479.5 739.5 468.5
772.5 2033.5 746.5 2022.5
1935.5 525.5 1939.5 553.5
1085.5 2000.5 1109.5 2015.5
1145.5 149.5 1124.5 168.5
1004.5 924.5 1025.5 943.5
1403.5 1445.5 1398.5 1473.5
176.5 773.5 181.5 745.5
1936.5 574.5 1931.5 602.5
565.5 1671.5 592.5 1662.5
1995.5 387.5 2022.5 396.5
709.5 752.5 718.5 779.5
1692.5 1393.5 1686.5 1365.5
664.5 120.5 692.5 114.5
439.5 799.5 433.5 771.5
1300.5 1326.5 1294.5 1354.5
1115.5 719.5 1087.5 725.5
1589.5 1019.5 1603.5 994.5
1955.5 950.5 1969.5 925.5
550.5 29 553.5 0.5
1305.5 1670.5 1315.5 1643.5
1767.5 773.5 1751.5 797.5
833.5 516.5 805.5 509.5
1206.5 195.5 1185.5 175.5
280.5 1269.5 300.5 1290.5
1232.5 386.5 1231.5 357.5
740.5 584.5 762.5 603.5
1970.5 1544.5 1951.5 1566.5
1309.5 385.5 1317.5 413.5
1468.5 393.5 1443.5 408.5
1408.5 802.5 1411.5 773.5
1658.5 2009.5 1635.5 1991.5
918.5 375.5 927.5 403.5
91.5 831.5 119.5 822.5
186.5 1738.5 210.5 1721.5
1312.5 1139.5 1283.5 1134.5
56.5 1946.5 42.5 1920.5
1793.5 707.5 1777.5 732.5
1673.5 593.5 1693.5 571.5
330.5 1853.5 303.5 1840.5
575.5 1904.5 548.5 1917.5
110.5 1822.5 83.5 1809.5
918.5 750.5 894.5 768.5
2042.5 1737.5 2024.5 1713.5
2010.5 1185.5 2036.5 1200.5
305.5 957.5 331.5 972.5
1674.5 1658.5 1644.5 1659.5
1650.5 933.5 1624.5 918.5
34.5 473.5 33.5 503.5
514.5 153.5 499.5 179.5
899.5 417.5 901.5 447.5
346.5 1942.5 316.5 1944.5
1759.5 1561.5 1757.5 1531.5
1254.5 1639.5 1256.5 1669.5
1348.5 437.5 1378.5 435.5
349.5 426.5 338.5 454.5
439.5 142.5 411.5 131.5
1144.5 1475.5 1169.5 1492.5
1914.5 1332.5 1889.5 1315.5
1482.5 1912.5 1478.5 1942.5
1000.5 797.5 970.5 801.5
1546.5 370.5 1537.5 341.5
329.5 687.5 307.5 666.5
973.5 1873.5 952.5 1895.5
1236.5 986.5 1262.5 1002.5
104.5 340.5 97.5 370.5
1921.5 884.5 1903.5 909.5
905.5 6.5 912.5 36.5
1310.5 1279.5 1303.5 1249.5
603.5 1998.5 585.5 2023.5
1939.5 1574.5 1909.5 1581.5
713.5 332.5 685.5 319.5
1531.5 967.5 1544.5 995.5
1329.5 1315.5 1300.5 1326.5
142.5 1388.5 131.5 1417.5
1533.5 1323.5 1525.5 1353.5
456.5 1436.5 464.5 1406.5
1557.5 90.5 1574.5 64.5
1875.5 1564.5 1901.5 1581.5
1051.5 564.5 1053.5 533.5
1823.5 837.5 1854.5 834.5
1501.5 1575.5 1521.5 1551.5
1232.5 1421.5 1208.5 1441.5
1095.5 1232.5 1091.5 1201.5
927.5 403.5 899.5 417.5
1411.5 1674.5 1439.5 1688.5
513.5 1632.5 527.5 1660.5
1254.5 282.5 1245.5 252.5
1185.5 1158.5 1169.5 1185.5
576.5 1178.5 549.5 1194.5
672.5 377.5 656.5 404.5
1253.5 772.5 1228.5 753.5
1693.5 1602.5 1724.5 1597.5
1578.5 558.5 1553.5 577.5
220.5 636.5 195.5 655.5
173.5 1382.5 142.5 1388.5
1146.5 1295.5 1116.5 1285.5
1357.5 1158.5 1331.5 1140.5
254.5 189.5 228.5 207.5
987.5 1930.5 969.5 1956.5
2074.5 98.5 2056.5 124.5
1567.5 255.5 1536.5 248.5
118.5 1488.5 87.5 1495.5
158.5 1525.5 137.5 1501.5
313.5 22.5 334.5 46.5
1545.5 867.5 1575.5 878.5
195.5 655.5 165.5 644.5
751.5 1237.5 781.5 1226.5
995.5 376.5 1027.5 377.5
154.5 2023.5 146.5 2054.5
585.5 1960.5 604.5 1934.5
1656.5 1938.5 1672.5 1966.5
1168.5 1073.5 1200.5 1077.5
1587.5 1414.5 1556.5 1423.5
296.5 334.5 284.5 304.5
1831.5 661.5 1849.5 688.5
367.5 790.5 385.5 817.5
2006.5 2014.5 1975.5 2024.5
1847.5 770.5 1868.5 745.5
303.5 1840.5 274.5 1855.5
1104.5 476.5 1117.5 446.5
419.5 895.5 451.8 890.2
1318.5 1795.5 1335.5 1823.5
936.5 1801.5 904.5 1794.5
532.5 58.5 550.5 31
1124.5 192.5 1132.5 224.5
497.5 1379.5 478.5 1352.5
1527.5 397.5 1546.5 370.5
1484.5 297.5 1451.5 295.5
206.5 942.5 208.5 909.5
1638.5 677.5 1640.5 644.5
1463.5 1285.5 1466.5 1252.5
1826.5 704.5 1793.5 707.5
965.5 1270.5 962.5 1237.5
525.5 222.5 556.5 210.5
517.5 1484.5 495.5 1509.5
209.5 899.5 204.5 866.5
1453.5 1240.5 1427.5 1219.5
229.5 237.5 261.5 247.5
195.5 1133.5 225.5 1148.5
552.5 1954.5 585.5 1960.5
1897.5 1999.5 1903.5 1966.5
873.5 541.5 846.5 521.5
1656.5 1798.5 1649.5 1765.5
79.5 903.5 107.5 884.5
408.5 428.5 389.5 400.5
1344.5 86.5 1333.5 54.5
1125.5 31.5 1157.5 20.5
1201.5 794.5 1229.5 813.5
125.5 493.5 153.5 474.5
770.5 526.5 742.5 545.5
927.5 1196.5 903.5 1172.5
457.5 538.5 449.5 571.5
76.5 1363.5 46.5 1347.5
1318.5 1795.5 1284.5 1795.5
1834.5 1359.5 1818.5 1389.5
969.5 1956.5 985.5 1986.5
1540.5 2080.5 1540.5 2046.5
575.5 1608.5 541.5 1607.5
274.5 1855.5 273.5 1889.5
289.5 1919.5 323.5 1917.5
1305.5 801.5 1307.5 835.5
1323.5 772.5 1305.5 801.5
1542.5 833.5 1545.5 867.5
102.5 693.5 73.5 675.5
65.5 1913.5 56.5 1946.5
151.5 652.5 147.5 686.5
1825.5 1858.5 1805.5 1830.5
1322.5 965.5 1289.5 955.5
846.5 1482.5 879.5 1492.5
795.5 1699.5 765.5 1716.5
1142.5 1994.5 1136.5 1960.5
1834.5 1228.5 1810.5 1203.5
841.5 682.5 870.5 701.5
1463.5 1615.5 1429.5 1622.5
1418.5 1640.5 1411.5 1674.5
2000.5 27.5 2026.5 4.5
240.5 1862.5 274.5 1855.5
1344.5 1424.5 1355.5 1457.5
178.5 1433.5 189.5 1400.5
21.5 1618.5 48.5 1596.5
785.5 897.5 763.5 870.5
117.5 695.5 101.5 726.5
764.5 784.5 795.5 800.5
52.5 1682.5 86.5 1690.5
1203.5 1579.5 1235.5 1565.5
262.5 20.5 294.5 34.5
2031.5 1663.5 2061.5 1681.5
1232.5 1421.5 1262.5 1439.5
1536.5 248.5 1515.5 276.5
1333.5 54.5 1368.5 55.5
1251.5 2062.5 1252.5 2027.5
271.5 692.5 273.5 727.5
603.5 656.5 601.5 621.5
1419.5 337.5 1407.5 304.5
1604.5 1829.5 1639.5 1826.5
894.5 768.5 903.5 734.5
1481.5 683.5 1461.5 712.5
942.5 1164.5 927.5 1196.5
1600.5 1769.5 1585.5 1801.5
892.5 657.5 860.5 642.5
1517.5 1907.5 1482.5 1912.5
1227.5 1757.5 1262.5 1762.5
1568.5 1318.5 1533.5 1323.5
286.5 844.5 260.5 820.5
782.5 737.5 756.5 713.5
1455.5 1681.5 1478.5 1654.5
746.5 2022.5 716.5 2041.5
1438.5 1438.5 1403.5 1445.5
757.5 1543.5 768.5 1577.5
646.5 144.5 612.5 133.5
1693.5 896.5 1677.5 864.5
1343.5 558.5 1359.5 526.5
224.5 1830.5 240.5 1862.5
932.5 243.5 899.5 229.5
983.5 1144.5 948.5 1152.5
65.5 628.5 101.5 628.5
713.5 368.5 713.5 332.5
86.5 1531.5 87.5 1495.5
1593.5 816.5 1557.5 818.5
164.5 1503.5 190.5 1478.5
941.5 610.5 966.5 636.5
2007.5 1446.5 1983.5 1473.5
1365.5 1856.5 1368.5 1892.5
925.5 936.5 928.5 972.5
464.5 1406.5 437.5 1382.5
1665.5 919.5 1693.5 896.5
402.5 485.5 434.5 468.5
540.5 912.5 508.5 929.5
1448.5 2079.5 1425.5 2051.5
1078.5 921.5 1061.5 889.5
1254.5 1916.5 1271.5 1948.5
901.5 447.5 934.5 462.5
362.5 177.5 329.5 192.5
1451.5 295.5 1436.5 328.5
760.5 1132.5 765.5 1096.5
568.5 666.5 603.5 656.5
1321.5 1929.5 1334.5 1895.5
172.5 955.5 206.5 942.5
247.5 1070.5 218.5 1092.5
535.5 775.5 564.5 753.5
1532.5 584.5 1503.5 606.5
614.5 896.5 644.5 875.5
1011.5 409.5 995.5 376.5
852.5 336.5 888.5 329.5
1095.5 1189.5 1102.5 1153.5
1663.5 1149.5 1698.5 1160.5
173.5 387.5 208.5 376.5
1082.5 1299.5 1116.5 1285.5
701.5 1473.5 673.5 1497.5
497.5 1379.5 505.5 1415.5
329.5 192.5 298.5 212.5
728.5 893.5 748.5 924.5
702.5 66.5 673.5 43.5
139.5 1707.5 162.5 1736.5
1950.5 2005.5 1973.5 1976.5
1080.5 1446.5 1117.5 1445.5
1889.5 10.5 1926.5 9.5
589.5 964.5 598.5 1000.5
2076.5 1913.5 2040.5 1922.5
888.5 329.5 885.5 292.5
494.5 541.5 457.5 538.5
1480.5 91.5 1463.5 124.5
1108.5 2046.5 1125.5 2079.5
1177.5 1609.5 1140.5 1612.5
1358.5 2032.5 1328.5 2054.5
331.5 908.5 301.5 886.5
546.5 547.5 516.5 525.5
927.5 403.5 957.5 425.5
1376.5 821.5 1408.5 802.5
548.5 1917.5 552.5 1954.5
637.5 1714.5 642.5 1677.5
859.5 722.5 854.5 759.5
169.5 853.5 204.5 866.5
1455.5 1593.5 1460.5 1556.5
1353.5 1327.5 1366.5 1362.5
562.5 1990.5 552.5 1954.5
984.5 992.5 994.5 956.5
1490.5 391.5 1527.5 397.5
1378.5 435.5 1396.5 402.5
1140.5 1612.5 1107.5 1594.5
86.5 1155.5 53.5 1173.5
964.5 45.5 997.5 63.5
1363.5 1535.5 1392.5 1559.5
1300.5 704.5 1276.5 733.5
1378.5 1041.5 1415.5 1048.5
1720.5 150.5 1706.5 115.5
56.5 1946.5 88.5 1966.5
1671.5 1865.5 1648.5 1835.5
1200.5 1077.5 1212.5 1041.5
1981.5 575.5 2017.5 563.5
1303.5 1249.5 1267.5 1237.5
2035.5 346.5 2035.5 308.5
746.5 975.5 745.5 1013.5
650.5 283.5 612.5 284.5
1651.5 971.5 1650.5 933.5
1737.5 931.5 1739.5 969.5
638.5 1859.5 640.5 1821.5
1913.5 1049.5 1904.5 1012.5
1652.5 769.5 1615.5 778.5
903.5 1172.5 866.5 1181.5
435.5 180.5 439.5 142.5
789.5 1677.5 825.5 1690.5
1380.5 1392.5 1348.5 1413.5
1181.5 162.5 1145.5 149.5
985.5 77.5 964.5 45.5
1085.5 768.5 1117.5 789.5
608.5 1458.5 572.5 1445.5
495.5 1509.5 520.5 1538.5
1132.5 1222.5 1095.5 1232.5
1757.5 1531.5 1787.5 1555.5
73.5 675.5 43.5 699.5
1288.5 1621.5 1254.5 1639.5
1428.5 1301.5 1463.5 1285.5
1425.5 2051.5 1390.5 2067.5
470.5 612.5 503.5 632.5
791.5 592.5 828.5 581.5
916.5 1233.5 927.5 1196.5
144.5 577.5 182.5 570.5
437.5 1016.5 399.5 1023.5
313.5 2070.5 338.5 2041
2009.5 602.5 1981.5 575.5
805.5 509.5 770.5 526.5
1332.5 1381.5 1366.5 1362.5
1269.5 1336.5 1288.5 1302.5
1124.5 192.5 1085.5 191.5
1612.5 972.5 1651.5 971.5
907.5 645.5 898.5 607.5
301.5 886.5 276.5 916.5
2031.5 81.5 2006.5 111.5
756.5 713.5 718.5 722.5
1672.5 2041.5 1634.5 2050.5
384.5 94.5 382.5 55.5
439.5 799.5 414.5 829.5
1157.5 2068.5 1178.5 2035.5
364.5 1564.5 367.5 1525.5
1354.5 1956.5 1315.5 1952.5
33.5 1449.5 72.5 1444.5
753.5 1617.5 737.5 1653.5
1235.5 1346.5 1203.5 1369.5
739.5 468.5 705.5 488.5
1353.5 1768.5 1319.5 1788.5
1922.5 1801.5 1928.5 1762.5
1767.5 1617.5 1773.5 1656.5
527.5 1660.5 565.5 1671.5
217.5 1382.5 224.5 1343.5
1706.5 115.5 1728.5 82.5
1444.5 1725.5 1414.5 1751.5
1606.5 247.5 1567.5 255.5
743.5 1667.5 782.5 1675.5
1141.5 1277.5 1153.5 1239.5
109.5 214.5 75.5 193.5
1413.5 1896.5 1414.5 1856.5
612.5 284.5 610.5 324.5
1262.5 1762.5 1302.5 1760.5
1340.5 697.5 1338.5 657.5
1374.5 1001.5 1378.5 1041.5
565.5 474.5 605.5 470.5
217.5 695.5 250.5 672.5
523.5 2000.5 562.5 1990.5
1971.5 2047.5 2000.5 2075.5
1411.5 773.5 1374.5 757.5
210.5 1721.5 194.5 1684.5
1218.5 1843.5 1255.5 1859.5
1834.5 1924.5 1839.5 1964.5
62.5 768.5 35.5 738.5
324.5 1558.5 364.5 1564.5
720.5 1138.5 760.5 1132.5
1270.5 405.5 1239.5 431.5
1276.5 733.5 1302.5 764.5
570.5 1707.5 581.5 1746.5
521.5 579.5 546.5 547.5
86.5 1531.5 118.5 1556.5
1406.5 851.5 1446.5 858.5
2006.5 111.5 2038.5 136.5
1300.5 704.5 1340.5 697.5
1882.5 1809.5 1922.5 1801.5
1683.5 1904.5 1671.5 1865.5
1456.5 450.5 1495.5 438.5
1229.5 1496.5 1194.5 1517.5
1975.5 471.5 1996.5 436.5
834.5 1790.5 849.5 1752.5
1318.5 345.5 1309.5 385.5
1544.5 995.5 1573.5 1024.5
1720.5 1831.5 1692.5 1801.5
1544.5 1247.5 1578.5 1224.5
1151.5 644.5 1185.5 621.5
1619.5 1396.5 1642.5 1430.5
823.5 739.5 782.5 737.5
642.5 78.5 615.5 47.5
686.5 451.5 655.5 424.5
653.5 201.5 612.5 204.5
484.5 1845.5 466.5 1882.5
1550.5 693.5 1530.5 657.5
503.5 749.5 535.5 775.5
105.5 491.5 100.5 450.5
511.5 1959.5 552.5 1954.5
632.5 1214.5 654.5 1179.5
622.5 1812.5 583.5 1826.5
1212.5 1041.5 1172.5 1030.5
1553.5 1709.5 1564.5 1669.5
1395.5 486.5 1422 518.5
1738.5 1516.5 1704.5 1540.5
2069.5 1618.5 2031.5 1635.5
1245.5 252.5 1209.5 231.5
1960.5 1610.5 1939.5 1574.5
604.5 1934.5 575.5 1904.5
1472.5 1756.5 1444.5 1725.5
1608.5 332.5 1617.5 291.5
653.5 201.5 655.5 159.5
1635.5 575.5 1673.5 593.5
1913.5 952.5 1955.5 950.5
1642.5 1430.5 1604.5 1412.5
1734.5 601.5 1776.5 599.5
1343.5 141.5 1361.5 103.5
1187.5 422.5 1150.5 442.5
75.5 193.5 55.5 230.5
1836.5 1985.5 1794.5 1988.5
372.5 1849.5 330.5 1853.5
1726.5 236.5 1690.5 214.5
1240.5 1475.5 1262.5 1439.5
101.5 726.5 126.5 760.5
537.5 682.5 503.5 707.5
387.5 155.5 392.5 197.5
1289.5 955.5 1303.5 915.5
2024.5 772.5 1984.5 758.5
119.5 1.5 105.5 41.5
885.5 292.5 871.5 252.5
277.5 1100.5 247.5 1070.5
1842.5 1575.5 1807.5 1551.5
491.5 1236.5 526.5 1212.5
2011.5 1766.5 2042.5 1737.5
1872.5 1060.5 1913.5 1049.5
1250.5 472.5 1239.5 431.5
0.5 785.5 38.5 804.5
1519.5 71.5 1557.5 90.5
70.5 246.5 109.5 229.5
1690.5 1098.5 1653.5 1119.5
1140.5 1612.5 1119.5 1649.5
1290.5 1849.5 1327.5 1828.5
1611.5 1878.5 1569.5 1871.5
464.5 1406.5 497.5 1379.5
1366.5 1997.5 1354.5 1956.5
1500.5 47.5 1540.5 32.5
1363.5 1535.5 1386.5 1499.5
1770.5 321.5 1740.5 352
488.5 830.5 462.5 796.5
1740.5 352 1751.5 310.5
2026.5 2052.5 2006.5 2014.5
761.5 1498.5 748.5 1457.5
823.5 1304.5 824.5 1261.5
1500.5 47.5 1478.5 10.5
1087.5 725.5 1085.5 768.5
1190.5 1885.5 1233.5 1887.5
991.5 681.5 948.5 684.5
971.5 845.5 1014.5 842.5
1521.5 1551.5 1490.5 1521.5
1967.5 1278.5 1924.5 1282.5
55.5 1834.5 87.5 1863.5
283.5 1046.5 247.5 1070.5
1793.5 599.5 1836.5 604.5
778.5 1192.5 735.5 1187.5
1187.5 557.5 1144.5 552.5
701.5 1427.5 706.5 1384.5
1029.5 327.5 988.5 313.5
1233.5 1791.5 1214.5 1830.5
211.5 1196.5 200.5 1238.5
86.5 1690.5 97.5 1648.5
108.5 1919.5 65.5 1913.5
1408.5 1850.5 1365.5 1856.5
1656.5 1938.5 1683.5 1904.5
1876.5 1913.5 1834.5 1924.5
1616.5 875.5 1624.5 918.5
1196.5 1396.5 1232.5 1421.5
671.5 1344.5 640.5 1375.5
1491.5 4.5 1500.5 47.5
1443.5 408.5 1456.5 450.5
1909.5 1581.5 1909.5 1625.5
970.5 801.5 971.5 845.5
608.5 1507.5 592.5 1548.5
70.5 100.5 26.5 98.5
912.5 36.5 956.5 34.5
798.5 1254.5 755.5 1264.5
1903.5 909.5 1913.5 952.5
1597.5 860.5 1593.5 816.5
330.5 607.5 334.5 563.5
1519.5 1319.5 1484.5 1292.5
1227.5 1172.5 1185.5 1158.5
51.5 586.5 65.5 628.5
860.5 642.5 841.5 682.5
1540.5 32.5 1519.5 71.5
1546.5 947.5 1585.5 968.5
671.5 1657.5 660.5 1700.5
1122.5 911.5 1116.5 867.5
307.5 666.5 271.5 692.5
350.5 1508.5 314.5 1534.5
494.5 35.5 532.5 58.5
1672.5 1966.5 1710.5 1943.5
542.5 436.5 565.5 474.5
1283.5 1995.5 1252.5 2027.5
964.5 45.5 927.5 70.5
237.5 1009.5 203.5 980.5
1377.5 1198.5 1357.5 1158.5
1075.5 1631.5 1116.5 1649.5
1982.5 246.5 2026.5 237.5
683.5 1175.5 696.5 1218.5
570.5 1531.5 608.5 1507.5
146.5 6.5 173.5 42.5
1981.5 575.5 1936.5 574.5
1082.5 1401.5 1080.5 1446.5
789.5 1792.5 834.5 1790.5
610.5 1503.5 608.5 1458.5
1468.5 1332.5 1513.5 1335.5
1635.5 1991.5 1591.5 2001.5
433.5 1194.5 454.5 1234.5
737.5 1957.5 718.5 1916.5
1774.5 1343.5 1733.5 1324.5
1090.5 1686.5 1116.5 1649.5
664.5 1453.5 701.5 1427.5
547.5 1577.5 570.5 1538.5
1016.5 82.5 1055.5 59.5
1164.5 818.5 1197.5 849.5
1414.5 1751.5 1431.5 1793.5
201.5 169.5 167.5 199.5
1113.5 1343.5 1102.5 1387.5
964.5 1753.5 958.5 1708.5
1807.5 1551.5 1832.5 1513.5
1052.5 1174.5 1095.5 1189.5
639.5 2026.5 603.5 1998.5
118.5 1556.5 159.5 1536.5
217.5 695.5 195.5 655.5
184.5 332.5 226.5 314.5
936.5 1801.5 954.5 1759.5
1553.5 577.5 1580.5 614.5
1465.5 164.5 1509.5 151.5
572.5 1445.5 528.5 1432.5
605.5 470.5 596.5 425.5
650.5 1599.5 618.5 1632.5
1450.5 495.5 1417.5 463.5
1961.5 832.5 1915.5 832.5
1033.5 1931.5 987.5 1930.5
152.5 1317.5 173.5 1358.5
850.5 581.5 873.5 541.5
1173.5 1655.5 1177.5 1609.5
7.5 572.5 51.5 586.5
962.5 1237.5 916.5 1233.5
1737.5 931.5 1754.5 888.5
392.5 197.5 435.5 180.5
795.5 337.5 806.5 382.5
125.5 493.5 131.5 539.5
1889.5 1315.5 1861.5 1352.5
499.5 179.5 462.5 151.5
555.5 956.5 540.5 912.5
1233.5 1887.5 1218.5 1843.5
954.5 1759.5 910.5 1744.5
844.5 1806.5 866.5 1847.5
685.5 319.5 663.5 360.5
987.5 1930.5 1009.5 1889.5
1407.5 304.5 1362.5 316.5
1208.5 1441.5 1196.5 1396.5
1966.5 896.5 1921.5 884.5
2065.5 1347.5 2047.5 1390.5
228.5 207.5 201.5 169.5
521.5 579.5 494.5 541.5
80.5 1386.5 37.5 1404.5
1858.5 1769.5 1882.5 1809.5
632.5 1418.5 608.5 1458.5
1239.5 431.5 1271.5 465.5
1574.5 64.5 1540.5 32.5
1851.5 1991.5 1897.5 1999.5
673.5 43.5 642.5 78.5
1544.5 119.5 1508.5 89.5
2008.5 1554.5 2055.5 1555.5
218.5 1092.5 195.5 1133.5
1145.5 1548.5 1182.5 1577.5
608.5 1458.5 651.5 1477.5
1671.5 1865.5 1628.5 1884.5
721.5 1734.5 675.5 1724.5
1981.5 814.5 1967.5 769.5
1014.5 842.5 1000.5 797.5
148.5 371.5 134.5 326.5
854.5 489.5 894.5 514.5
180.5 1893.5 184.5 1940.5
1294.5 903.5 1247.5 908.5
664.5 247.5 653.5 201.5
466.5 1882.5 513.5 1888.5
344.5 1346.5 297.5 1352.5
1592.5 2028.5 1634.5 2050.5
1939.5 553.5 1981.5 575.5
1252.5 2027.5 1284.5 2062.5
632.5 1418.5 664.5 1453.5
520.5 1538.5 547.5 1577.5
2024.5 1603.5 2069.5 1618.5
1095.5 1232.5 1056.5 1259.5
1634.5 2050.5 1658.5 2009.5
1392.5 1559.5 1416.5 1518.5
1317.5 1688.5 1270.5 1696.5
1317.5 413.5 1270.5 405.5
643.5 498.5 651.5 545.5
389.5 400.5 349.5 426.5
1808.5 822.5 1834.5 782.5
191.5 1030.5 175.5 985.5
1201.5 483.5 1230.5 521.5
966.5 338.5 995.5 376.5
78.5 785.5 91.5 831.5
1988.5 1495.5 1997.5 1542.5
375.5 1676.5 332.5 1697.5
869.5 1440.5 846.5 1482.5
19.5 1511.5 29.6667 1464.67
60.5 859.5 79.5 903.5
1329.5 1198.5 1377.5 1198.5
1324.5 1013.5 1322.5 965.5
35.5 1664.5 21.5 1618.5
1201.5 1346.5 1155.5 1332.5
841.5 1610.5 795.5 1624.5
644.5 1753.5 679.5 1786.5
624.5 1405.5 579.5 1422.5
1045.5 881.5 1000.5 898.5
1640.5 644.5 1595.5 627.5
1686.5 1365.5 1638.5 1361.5
1496.5 1362.5 1448.5 1366.5
1891.5 1418.5 1923.5 1382.5
1328.5 6.5 1333.5 54.5
645.5 1538.5 608.5 1507.5
1569.5 1871.5 1558.5 1918.5
832.5 380.5 852.5 336.5
342.333 378.667 349.5 426.5
1383.5 1806.5 1353.5 1768.5
1522.5 1664.5 1515.5 1712.5
610.5 1503.5 651.5 1477.5
880.5 853.5 906.5 894.5
182.5 570.5 198.5 524.5
2055.5 1555.5 2042.5 1508.5
365.5 943.5 331.5 908.5
1516.5 717.5 1481.5 683.5
556.5 210.5 591.5 176.5
824.5 296.5 852.5 336.5
1329.5 1198.5 1357.5 1158.5
1672.5 159.5 1720.5 150.5
1924.5 1282.5 1943.5 1327.5
263.5 1613.5 244.5 1568.5
1868.5 729.5 1826.5 704.5
184.5 332.5 159.5 374.5
1053.5 533.5 1004.5 533.5
1164.5 867.5 1164.5 818.5
1256.5 1669.5 1305.5 1670.5
692.5 114.5 702.5 66.5
1324.5 646.5 1277.5 660.5
1408.5 802.5 1406.5 851.5
1366.5 1362.5 1415.5 1360.5
1585.5 968.5 1544.5 995.5
1201.5 794.5 1228.5 753.5
1140.5 1426.5 1144.5 1475.5
870.5 701.5 892.5 657.5
948.5 684.5 972.5 727.5
1683.5 1864.5 1731.5 1875.5
1659.5 1040.5 1611.5 1051.5
1624.5 918.5 1577.5 903.5
1857.5 1622.5 1842.5 1575.5
746.5 65.5 720.5 107.5
1267.5 51.5 1293.5 93.5
2022.5 396.5 2040.5 350.5
1752.5 555.5 1734.5 601.5
1428.5 1031.5 1399.5 991.5
1432.5 1530.5 1392.5 1559.5
440 747.5 419.5 702.5
1085.5 1140.5 1097.5 1092.5
1991.5 809.5 2024.5 772.5
1683.5 1864.5 1720.5 1831.5
131.5 1417.5 178.5 1433.5
1726.5 236.5 1698.5 277.5
1810.5 1203.5 1772.5 1235.5
1595.5 627.5 1633.5 595.5
677.5 1973.5 725.5 1986.5
2017.5 563.5 2004.5 515.5
995.5 376.5 952.5 351.5
2056.5 124.5 2031.5 81.5
710.5 1375.5 671.5 1344.5
852.5 336.5 805.5 319.5
1027.5 1174.5 987.5 1204.5
570.5 1538.5 520.5 1538.5
568.5 666.5 568.5 616.5
975.5 935.5 925.5 936.5
687.5 1924.5 677.5 1973.5
1720.5 1475.5 1719.5 1425.5
1318.5 1593.5 1321.5 1543.5
1580.5 215.5 1577.5 165.5
876.5 1850.5 921.5 1872.5
208.5 376.5 184.5 332.5
1205.5 2013.5 1201.5 2063.5
987.5 1204.5 1022.5 1168.5
1805.5 1830.5 1764.5 1859.5
276.5 916.5 305.5 957.5
1201.5 483.5 1250.5 472.5
1923.5 1960.5 1918.5 2010.5
1685.5 1462.5 1719.5 1425.5
1764.5 1859.5 1802.5 1892.5
656.5 404.5 703.5 422.5
496.5 106.5 514.5 153.5
1435.5 995.5 1482.5 977.5
764.5 784.5 782.5 737.5
925.5 584.5 931.5 534.5
1692.5 2052.5 1664.5 2094.5
576.5 1178.5 604.5 1220.5
520.5 1538.5 570.5 1531.5
128.5 1439 118.5 1488.5
478.5 1171.5 433.5 1194.5
813.5 803.5 836.5 758.5
699.5 1092.5 720.5 1138.5
191.5 1030.5 237.5 1009.5
1500.5 669.5 1516.5 717.5
592.5 1548.5 636.5 1573.5
80.5 1386.5 111.5 1426.5
1680.5 186.5 1631.5 173.5
1271.5 465.5 1318.5 446.5
1336.5 1492.5 1363.5 1535.5
1369.5 347.5 1419.5 337.5
1139.5 1866.5 1093.5 1844.5
1069.5 428.5 1059.5 478.5
116.5 1586.5 167.5 1586.5
1044.5 1231.5 1095.5 1232.5
283.5 1809.5 232.5 1808.5
186.5 281.5 184.5 332.5
1344.5 966.5 1324.5 1013.5
1739.5 969.5 1786.5 949.5
1230.5 1303.5 1269.5 1336.5
1967.5 769.5 1935.5 809.5
1248.5 1270.5 1288.5 1302.5
714.5 1806.5 729.5 1757.5
521.5 983.5 503.5 1031.5
1117.5 446.5 1069.5 428.5
203.5 980.5 191.5 1030.5
1362.5 712.5 1383.5 665.5
1344.5 86.5 1293.5 93.5
460.667 1301.33 510.5 1314.5
48.5 1596.5 6.5 1566.5
1552.5 1395.5 1582.5 1353.5
1453.5 1240.5 1411.5 1270.5
797.5 983.5 746.5 975.5
1615.5 778.5 1623.5 829.5
1640.5 1088.5 1659.5 1040.5
1962.5 1534.5 1911.5 1526.5
1125.5 2079.5 1074.5 2071.5
1333.5 54.5 1297.5 17.5
1419.5 1219.5 1411.5 1270.5
548.5 1917.5 500.5 1936.5
313.5 2070.5 294.5 2022.5
920.5 808.5 955.5 770.5
1813.5 109.5 1863.5 96.5
184.5 1940.5 219.5 1902.5
741.5 1758.5 776.5 1796.5
1478.5 1942.5 1529.5 1951.5
718.5 401.5 672.5 377.5
894.5 1792.5 844.5 1806.5
340.5 1904.5 330.5 1853.5
128.5 1360.5 76.5 1363.5
1907.5 2009.5 1889.5 2058.5
528.5 1432.5 533.5 1484.5
404.5 1935.5 367.5 1898.5
568.5 616.5 531.5 653.5
218.5 1092.5 241.5 1139.5
176.5 1856.5 138.5 1820.5
1911.5 1526.5 1875.5 1564.5
1277.5 1204.5 1329.5 1198.5
1500.5 47.5 1448.5 41.5
367.5 1898.5 379.5 1949.5
1580.5 1931.5 1619.5 1896.5
300.5 1290.5 339.5 1255.5
1923.5 1960.5 1950.5 2005.5
616.5 842.5 582.5 882.5
1209.5 231.5 1201.5 283.5
782.5 1675.5 795.5 1624.5
1239.5 431.5 1187.5 422.5
1879.5 641.5 1870.5 693.5
1290.5 1849.5 1338.5 1871.5
1228.5 753.5 1177.5 739.5
1648.5 1835.5 1628.5 1884.5
1230.5 521.5 1250.5 472.5
1927.5 1754.5 1874.5 1754.5
1201.5 283.5 1254.5 282.5
795.5 1836.5 794.5 1889.5
636.5 963.5 598.5 1000.5
1991.5 418.5 1938.5 415.5
734.5 2091.5 716.5 2041.5
1217.5 704.5 1177.5 739.5
517.5 1484.5 528.5 1432.5
37.5 1404.5 72.5 1444.5
2011.5 1766.5 2000.5 1714.5
410.5 1504.5 450.5 1539.5
87.5 1495.5 72.5 1444.5
1909.5 1625.5 1960.5 1610.5
173.5 1358.5 224.5 1343.5
1374.5 757.5 1323.5 772.5
1482.5 977.5 1457.5 930.5
1839.5 1964.5 1795.5 1934.5
1634.5 2.5 1664.5 46.5
1214.5 955.5 1244.5 911.5
1178.5 511.5 1144.5 552.5
1161.5 1661.5 1140.5 1612.5
1815.5 555.5 1836.5 604.5
156.5 893.5 209.5 899.5
1463.5 124.5 1509.5 151.5
1266.5 523.5 1250.5 472.5
808.5 706.5 859.5 722.5
1690.5 64.5 1706.5 115.5
329.5 192.5 336.5 245.5
1027.5 1174.5 1020.5 1227.5
393.5 1048.5 436.5 1080.5
1664.5 2094.5 1672.5 2041.5
1664.5 46.5 1621.5 14.5
543.5 2033.5 496.5 2059.5
1441.5 1130.5 1403.5 1168.5
716.5 2041.5 753.5 2080.5
1845.5 415.5 1881.5 375.5
1082.5 1299.5 1113.5 1343.5
148.5 371.5 104.5 340.5
1201.5 283.5 1245.5 252.5
1854.5 834.5 1868.5 782.5
927.5 1196.5 962.5 1237.5
519.5 639 568.5 616.5
618.5 1632.5 671.5 1642.5
592.5 1548.5 645.5 1538.5
