914.5 786.5 980.5 796.5
1399.5 993.5 1445.5 1048.5
1221.5 227.5 1266.5 290.5
1575.5 1492.5 1633.5 1544.5
1068.5 1954.5 988.5 1936.5
225.5 1006.5 277.5 935.5
1766.5 1285.5 1707.5 1217.5
1833.5 827.5 1819.5 918.5
980.5 796.5 1067.5 803.5
44.5 1606.5 20.5 1516.5
362.5 1494.5 359.5 1583.5
842.5 697.5 914.5 786.5
1636.5 1560.5 1523.5 1593.5
322.5 1064.5 225.5 1006.5
379.5 208.5 269.5 210.5
506.5 512.5 445.5 619.5
1935.5 1042.5 1840.5 1125.5
1430.5 1751.5 1332.5 1833.5
1121.5 1003.5 994.5 1004.5
420.5 1798.5 548.5 1795.5
1495.5 1756.5 1430.5 1751.5
1975.5 576.5 1912.5 458.5
1636.5 922.5 1745.5 860.5
1211.5 240.5 1151.5 124.5
482.5 1867.5 420.5 1979.5
1083.5 471.5 1023.5 363.5
630.5 2035.5 632.5 1893.5
1436.5 494.5 1297.5 459.5
1373.5 1358.5 1437.5 1490.5
220.5 1980.5 280.5 2091.5
277.5 935.5 252.5 789.5
750.5 1019.5 625.5 941.5
1312.5 1734.5 1362.5 1596.5
1816.5 380.5 1696.5 427.5
1215.5 522.5 1238.5 674.5
549.5 1653.5 599.5 1514.5
632.5 1893.5 482.5 1867.5
169.5 1191.5 156.5 1346.5
1832.5 224.5 1816.5 380.5
789.5 236.5 776.5 81.5
445.5 619.5 314.5 613.5
776.5 81.5 617.5 54.5
1545.5 1806.5 1703.5 1832.5
539.5 1151.5 399.5 1109.5
833.5 1130.5 856.5 1293.5
1040.5 1571.5 921.5 1482.5
2068.5 1516.5 1917.5 1469.5
1271.5 1132.5 1209.5 1034.5
1283.5 1938.5 1260.5 1776.5
1151.5 2172.5 1230.5 2037.5
54.5 1432.5 85.5 1568.5
1067.5 803.5 1183.5 708.5
314.5 613.5 294.5 778.5
1745.5 860.5 1732.5 723.5
362.5 1494.5 424.5 1331.5
663.5 562.5 506.5 512.5
659.5 799.5 653.5 637.5
988.5 1936.5 864 2054
274.5 1800.5 125.5 1889.5
1816.5 380.5 1978.5 419.5
1695.5 220.5 1832.5 224.5
663.5 562.5 804.5 526.5
1889.5 1761.5 2036.5 1787.5
1978.5 419.5 1985.5 236.5
549.5 1653.5 367.5 1636.5
252.5 789.5 94.5 853.5
294.5 778.5 419.5 856.5
921.5 1482.5 763.5 1532.5
1633.5 1544.5 1818.5 1542.5
1710.5 51.5 1695.5 220.5
2044.5 947.5 2177.5 1077.5
1297.5 459.5 1266.5 290.5
916.5 929.5 750.5 1019.5
1879.5 70.5 1710.5 51.5
367.5 1636.5 420.5 1798.5
1023.5 363.5 1026.5 363.5
257.5 423.5 270.5 402.5
871.5 527.5 894.5 537.5
1732.5 562.5 1757.5 572.5
1757.5 572.5 1785.5 578.5
1939.5 684.5 1958.5 662.5
244.5 450.5 257.5 423.5
359.5 1583.5 376.5 1609.5
762.5 1048.5 750.5 1019.5
804.5 526.5 835.5 518.5
1193.5 1551.5 1172.5 1577.5
1985.5 236.5 2016.5 223.5
617.5 54.5 586.5 70.5
835.5 518.5 871.5 527.5
1209.5 1034.5 1177.5 1013.5
1069.5 508.5 1083.5 471.5
1782.5 1323.5 1766.5 1285.5
424.5 1331.5 452.5 1300.5
1535.5 1507.5 1575.5 1492.5
1172.5 1513.5 1193.5 1551.5
1585.5 317.5 1596.5 274.5
94.5 853.5 72.5 895.5
1732.5 723.5 1764.5 759.5
1917.5 1469.5 1871.5 1484.5
156.5 1346.5 112.5 1372.5
1540.5 2031.5 1591.5 2040.5
1064.5 1617.5 1040.5 1571.5
1102.5 552.5 1069.5 508.5
1881.5 1028.5 1935.5 1042.5
1703.5 1832.5 1732.5 1784.5
1229.5 968.5 1284.5 956.5
1177.5 1013.5 1121.5 1003.5
524.5 215.5 476.5 249.5
253.5 1562.5 270.5 1504.5
1494.5 1099.5 1462.5 1155.5
1238.5 674.5 1183.5 708.5
1260.5 1776.5 1312.5 1734.5
501.5 1096.5 539.5 1151.5
885.5 897.5 878.5 830.5
420.5 1979.5 409.5 1912.5
1123.5 1652.5 1064.5 1617.5
1345.5 372.5 1414.5 365.5
1011.5 1913.5 1068.5 1954.5
1495.5 1756.5 1545.5 1806.5
1445.5 1048.5 1494.5 1099.5
878.5 830.5 833.5 772.5
1273.5 1305.5 1273.5 1231.5
1266.5 290.5 1211.5 240.5
89.5 1666.5 44.5 1606.5
599.5 1514.5 549.5 1458.5
653.5 637.5 663.5 562.5
549.5 1458.5 475.5 1439.5
1230.5 150.5 1221.5 227.5
1871.5 1484.5 1818.5 1542.5
518.5 136.5 524.5 215.5
1871.5 1484.5 1863.5 1403.5
112.5 1372.5 54.5 1432.5
1283.5 1938.5 1313.5 2016.5
619.5 489.5 663.5 562.5
625.5 941.5 540.5 934.5
840.5 131.5 911.5 179.5
1157.5 620.5 1102.5 552.5
1958.5 662.5 1975.5 576.5
399.5 1109.5 322.5 1064.5
1172.5 1577.5 1123.5 1652.5
1183.5 708.5 1157.5 620.5
1387.5 783.5 1375.5 874.5
2120.5 895.5 2044.5 947.5
1588.5 699.5 1536.5 623.5
270.5 1504.5 362.5 1494.5
586.5 70.5 518.5 136.5
1699.5 1633.5 1636.5 1560.5
1273.5 1231.5 1271.5 1132.5
1437.5 1490.5 1535.5 1507.5
1215.5 522.5 1297.5 459.5
476.5 249.5 379.5 208.5
883.5 284.5 789.5 236.5
535.5 2084.5 630.5 2035.5
1955.5 1237.5 2033.5 1162.5
994.5 1004.5 916.5 929.5
1486.5 176.5 1394.5 119.5
1183.5 708.5 1131.5 803.5
1818.5 1542.5 1791.5 1647.5
762.5 1048.5 833.5 1130.5
911.5 179.5 883.5 284.5
419.5 856.5 521.5 901.5
1230.5 2037.5 1283.5 1938.5
1373.5 1358.5 1273.5 1305.5
1863.5 1403.5 1782.5 1323.5
1266.5 290.5 1345.5 372.5
506.5 512.5 619.5 489.5
1332.5 1833.5 1283.5 1938.5
1362.5 1596.5 1368.5 1478.5
1536.5 623.5 1418.5 634.5
659.5 799.5 674.5 917.5
1425.5 2062.5 1540.5 2031.5
225.5 1006.5 129.5 1077.5
763.5 1532.5 776.5 1651.5
1368.5 1478.5 1373.5 1358.5
129.5 1077.5 169.5 1191.5
1313.5 2016.5 1425.5 2062.5
1375.5 874.5 1399.5 993.5
1026.5 363.5 1083.5 471.5
1284.5 956.5 1375.5 874.5
476.5 249.5 464.5 372.5
2065.5 823.5 1951.5 775.5
1912.5 458.5 1816.5 380.5
856.5 1293.5 980.5 1306.5
475.5 1439.5 362.5 1494.5
2044.5 947.5 2065.5 823.5
1819.5 918.5 1881.5 1028.5
674.5 917.5 750.5 1019.5
864 6 840.5 131.5
1685.5 1177.5 1649.5 1054.5
1951.5 775.5 1833.5 827.5
125.5 1889.5 220.5 1980.5
980.5 1306.5 1079.5 1394.5
1649.5 1054.5 1636.5 922.5
1656.5 1879.5 1545.5 1806.5
1551.5 1274.5 1422.5 1229.5
1422.5 1229.5 1373.5 1358.5
269.5 210.5 138.5 166.5
1696.5 427.5 1732.5 562.5
1418.5 634.5 1436.5 494.5
1083.5 471.5 1215.5 522.5
548.5 1795.5 549.5 1653.5
1935.5 1042.5 2044.5 947.5
384.5 493.5 464.5 372.5
270.5 402.5 384.5 493.5
1732.5 723.5 1588.5 699.5
464.5 372.5 506.5 512.5
1596.5 274.5 1486.5 176.5
1462.5 1155.5 1551.5 1274.5
1791.5 1647.5 1889.5 1761.5
1079.5 1394.5 1172.5 1513.5
1418.5 634.5 1387.5 783.5
1985.5 236.5 1832.5 224.5
1785.5 578.5 1732.5 723.5
1732.5 1784.5 1699.5 1633.5
2033.5 1162.5 1935.5 1042.5
420.5 1979.5 535.5 2084.5
2036.5 1787.5 2137.5 1666.5
85.5 466.5 244.5 450.5
1840.5 1125.5 1955.5 1237.5
1023.5 363.5 883.5 284.5
1832.5 224.5 1879.5 70.5
1494.5 1099.5 1649.5 1054.5
2016.5 223.5 2048.5 62.5
1523.5 1593.5 1495.5 1756.5
1551.5 1274.5 1685.5 1177.5
539.5 1151.5 688.5 1224.5
1707.5 1217.5 1551.5 1274.5
540.5 934.5 501.5 1096.5
1394.5 119.5 1230.5 150.5
85.5 1568.5 253.5 1562.5
894.5 537.5 842.5 697.5
2048.5 2110.5 1879.5 2118.5
521.5 901.5 659.5 799.5
539.5 1151.5 452.5 1300.5
2068.5 306.5 2133.5 466.5
138.5 166.5 0.5 62.5
1591.5 2040.5 1656.5 1879.5
1785.5 578.5 1912.5 458.5
1362.5 1596.5 1193.5 1551.5
409.5 1912.5 274.5 1800.5
833.5 772.5 659.5 799.5
934.5 1754.5 1011.5 1913.5
1069.5 508.5 894.5 537.5
1414.5 365.5 1585.5 317.5
376.5 1609.5 549.5 1653.5
280.5 2091.5 420.5 1979.5
2016.5 223.5 2186.5 166.5
750.5 1019.5 885.5 897.5
1230.5 2037.5 1068.5 1954.5
2186.5 166.5 2068.5 306.5
452.5 1300.5 636.5 1308.5
1238.5 674.5 1418.5 634.5
636.5 1308.5 539.5 1151.5
1387.5 783.5 1238.5 674.5
1260.5 1776.5 1123.5 1652.5
1939.5 684.5 1785.5 578.5
274.5 1800.5 220.5 1980.5
776.5 1651.5 934.5 1754.5
934.5 1754.5 1064.5 1617.5
72.5 895.5 225.5 1006.5
1193.5 1551.5 1368.5 1478.5
1785.5 578.5 1975.5 576.5
1764.5 759.5 1939.5 684.5
2120.5 895.5 2177.5 1077.5
688.5 1224.5 762.5 1048.5
1131.5 803.5 1229.5 968.5
270.5 402.5 269.5 210.5
