776.5 81.5 617.5 54.5 755.5 26.5
1151.5 124.5 911.5 179.5 864 6
113.5 2025.5 117.5 2073.5 18.5 2071.5
286.5 623.5 228.5 587.5 298.5 542.5
506.5 512.5 464.5 372.5 619.5 489.5
1975.5 576.5 1785.5 578.5 1912.5 458.5
1023.5 828.5 970.5 810.5 980.5 796.5
1536.5 623.5 1418.5 634.5 1436.5 494.5
506.5 512.5 445.5 619.5 431.5 603.5
94.5 853.5 176.5 762.5 252.5 789.5
1445.5 1048.5 1402.5 1042.5 1399.5 993.5
1881.5 1028.5 1725.5 1081.5 1819.5 918.5
1271.5 1132.5 980.5 1306.5 1121.5 1003.5
433.5 981.5 399.5 1109.5 322.5 1064.5
921.5 1482.5 934.5 1754.5 776.5 1651.5
1636.5 1560.5 1523.5 1593.5 1567.5 1522.5
253.5 1562.5 270.5 1504.5 350.5 1574.5
1495.5 1756.5 1464.5 1745.5 1523.5 1593.5
253.5 1562.5 85.5 1568.5 270.5 1504.5
612.5 1623.5 599.5 1514.5 705.5 1524.5
1266.5 290.5 1221.5 227.5 1394.5 119.5
1890.5 1832.5 1942.5 1862.5 1894.5 1838.5
630.5 2035.5 482.5 1867.5 632.5 1893.5
1266.5 290.5 1083.5 471.5 1026.5 363.5
1845.5 2047.5 1844.5 2072.5 1712.5 2026.5
85.5 1568.5 44.5 1606.5 42.5 1529.5
2081.5 1182.5 2033.5 1162.5 2087.5 1098.5
1527.5 75.5 1648.5 150.5 1486.5 176.5
1977.5 1853.5 1942.5 1862.5 1890.5 1832.5
1673.5 565.5 1601.5 471.5 1696.5 427.5
1527.5 75.5 1486.5 176.5 1394.5 119.5
1696.5 427.5 1732.5 376.5 1816.5 380.5
1414.5 365.5 1345.5 372.5 1266.5 290.5
883.5 284.5 789.5 236.5 911.5 179.5
1079.5 1394.5 1041.5 1549.5 988.5 1429.5
653.5 637.5 663.5 562.5 721.5 582.5
524.5 215.5 476.5 249.5 436.5 125.5
431.5 603.5 314.5 613.5 384.5 493.5
53.5 577.5 145.5 679.5 49.5 670.5
1951.5 775.5 1819.5 918.5 1833.5 827.5
2007.5 711.5 2040.5 677.5 2085.5 766.5
17.5 823.5 94.5 853.5 72.5 895.5
176.5 762.5 101.5 725.5 145.5 679.5
2177.5 1077.5 2087.5 1098.5 2044.5 947.5
225.5 1006.5 94.5 853.5 277.5 935.5
89.5 1666.5 44.5 1606.5 85.5 1568.5
436.5 125.5 360.5 186.5 407.5 106.5
281.5 1614.5 359.5 1583.5 309.5 1652.5
376.5 1609.5 362.5 1494.5 475.5 1439.5
549.5 1653.5 475.5 1439.5 549.5 1458.5
934.5 1754.5 854.5 1812.5 776.5 1651.5
1430.5 1751.5 1324.5 1799.5 1312.5 1734.5
1545.5 1806.5 1495.5 1756.5 1699.5 1633.5
762.5 1048.5 750.5 1019.5 916.5 929.5
916.5 929.5 750.5 1019.5 885.5 897.5
2133.5 1360.5 2032.5 1334.5 2051.5 1305.5
1782.5 1323.5 1575.5 1492.5 1551.5 1274.5
1913.5 1326.5 1913.5 1402.5 1863.5 1403.5
1732.5 723.5 1745.5 860.5 1588.5 699.5
1271.5 1132.5 1246.5 1054.5 1361.5 1093.5
1297.5 459.5 1215.5 522.5 1083.5 471.5
980.5 1306.5 856.5 1293.5 833.5 1130.5
1229.5 968.5 1251.5 1002.5 1223.5 1007.5
776.5 81.5 862.8 4.8 864 6
632.5 1893.5 482.5 1867.5 496.5 1845.5
864 2054 988.5 1936.5 1068.5 1954.5
864 2054 853.5 1972.5 873.5 1951.5
1251.5 1002.5 1229.5 968.5 1284.5 956.5
1284.5 956.5 1229.5 968.5 1131.5 803.5
524.5 215.5 464.5 372.5 476.5 249.5
257.5 423.5 384.5 493.5 244.5 450.5
270.5 402.5 384.5 493.5 257.5 423.5
311.5 1712.5 274.5 1800.5 186.5 1774.5
1985.5 236.5 1816.5 380.5 1832.5 224.5
1712.5 2026.5 1710.5 2099.5 1684.5 2106.5
379.5 208.5 269.5 210.5 360.5 186.5
436.5 125.5 379.5 208.5 360.5 186.5
776.5 81.5 755.5 26.5 862.8 4.8
656.5 2030.5 734.5 2008.5 749.5 2029.5
789.5 236.5 776.5 81.5 840.5 131.5
789.5 236.5 524.5 215.5 586.5 70.5
776.5 81.5 864 6 840.5 131.5
862.8 2052.8 853.5 1972.5 864 2054
871.5 527.5 835.5 518.5 883.5 284.5
840.5 131.5 864 6 911.5 179.5
703.5 684.5 721.5 582.5 738.5 586.5
901.5 814.5 914.5 786.5 970.5 810.5
750.5 1019.5 674.5 917.5 885.5 897.5
914.5 786.5 842.5 697.5 980.5 796.5
885.5 897.5 674.5 917.5 878.5 830.5
419.5 856.5 325.5 839.5 294.5 778.5
176.5 762.5 61.5 799.5 101.5 725.5
176.5 762.5 145.5 679.5 286.5 623.5
2133.5 466.5 2005.5 505.5 1978.5 419.5
244.5 450.5 298.5 542.5 228.5 587.5
431.5 603.5 384.5 493.5 506.5 512.5
69.5 711.5 49.5 670.5 145.5 679.5
1816.5 380.5 1732.5 376.5 1754.5 310.5
37.5 766.5 101.5 725.5 61.5 799.5
69.5 711.5 145.5 679.5 101.5 725.5
1785.5 578.5 1958.5 662.5 1939.5 684.5
2040.5 677.5 2097.5 670.5 2117.5 711.5
433.5 981.5 501.5 1096.5 399.5 1109.5
135.5 1200.5 3.5 1305.5 33.5 1182.5
2177.5 1077.5 2044.5 947.5 2120.5 895.5
1997.5 1321.5 2051.5 1305.5 2032.5 1334.5
1913.5 1402.5 2017.5 1441.5 1917.5 1469.5
33.5 1182.5 84.5 1124.5 135.5 1200.5
362.5 1494.5 270.5 1504.5 424.5 1331.5
1889.5 1761.5 1818.5 1542.5 2092.5 1606.5
2017.5 1441.5 2032.5 1334.5 2063.5 1415.5
20.5 1516.5 42.5 1529.5 44.5 1606.5
2051.5 1456.5 2017.5 1441.5 2063.5 1415.5
2118.5 1955.5 2066.5 2071.5 2027.5 2006.5
2118.5 1955.5 1969.5 1911.5 2065.5 1810.5
311.5 1712.5 186.5 1774.5 135.5 1664.5
2036.5 1787.5 2065.5 1810.5 2008.5 1806.5
112.5 1372.5 54.5 1432.5 85.5 1360.5
749.5 2029.5 734.5 2008.5 851.5 1968.5
1040.5 1571.5 934.5 1754.5 921.5 1482.5
864 2054 873.5 1951.5 988.5 1936.5
220.5 1980.5 274.5 1800.5 409.5 1912.5
549.5 1653.5 376.5 1609.5 475.5 1439.5
853.5 1972.5 851.5 1968.5 873.5 1951.5
1040.5 1571.5 921.5 1482.5 1041.5 1549.5
692.5 1772.5 612.5 1623.5 667.5 1633.5
579.5 1403.5 549.5 1458.5 475.5 1439.5
675.5 1864.5 548.5 1795.5 692.5 1772.5
496.5 1845.5 420.5 1798.5 548.5 1795.5
539.5 1151.5 452.5 1300.5 399.5 1109.5
579.5 1403.5 475.5 1439.5 452.5 1300.5
625.5 941.5 674.5 917.5 750.5 1019.5
994.5 1004.5 1065.5 956.5 1121.5 1003.5
828.5 1290.5 790.5 1301.5 833.5 1130.5
613.5 1438.5 599.5 1514.5 549.5 1458.5
1074.5 896.5 1060.5 886.5 1067.5 803.5
1131.5 803.5 1183.5 708.5 1387.5 783.5
1273.5 1305.5 1079.5 1394.5 1273.5 1231.5
2033.5 1162.5 1935.5 1042.5 2087.5 1098.5
958.5 1465.5 988.5 1429.5 1041.5 1549.5
919.5 1439.5 887.5 1409.5 914.5 1398.5
958.5 1465.5 919.5 1439.5 988.5 1429.5
921.5 1482.5 776.5 1651.5 763.5 1532.5
884.5 1923.5 873.5 1951.5 851.5 1968.5
1011.5 1913.5 988.5 1936.5 884.5 1923.5
1258.5 2060.5 1230.5 2037.5 1313.5 2016.5
1172.5 1513.5 1041.5 1549.5 1079.5 1394.5
1193.5 1551.5 1172.5 1513.5 1368.5 1478.5
1633.5 1544.5 1782.5 1323.5 1818.5 1542.5
1172.5 1577.5 1362.5 1596.5 1312.5 1734.5
1397.5 1664.5 1312.5 1734.5 1362.5 1596.5
1410.5 1197.5 1422.5 1229.5 1273.5 1231.5
1511.5 1543.5 1567.5 1522.5 1523.5 1593.5
1675.5 1883.5 1712.5 2026.5 1656.5 1879.5
1540.5 2031.5 1656.5 1879.5 1591.5 2040.5
2118.5 1955.5 2027.5 2006.5 1969.5 1911.5
1879.5 2118.5 1963.5 2000.5 2048.5 2110.5
2027.5 2006.5 2048.5 2110.5 1969.5 2000.5
1675.5 1883.5 1656.5 1879.5 1703.5 1832.5
1362.5 1596.5 1523.5 1593.5 1397.5 1664.5
1362.5 1596.5 1368.5 1478.5 1437.5 1490.5
2092.5 1606.5 1917.5 1469.5 2068.5 1516.5
1762.5 1225.5 1707.5 1217.5 1746.5 1213.5
1373.5 1358.5 1551.5 1274.5 1437.5 1490.5
1511.5 1543.5 1523.5 1593.5 1362.5 1596.5
1685.5 1177.5 1551.5 1274.5 1494.5 1099.5
1997.5 1321.5 1908.5 1280.5 1955.5 1237.5
1551.5 1274.5 1462.5 1155.5 1494.5 1099.5
1673.5 565.5 1588.5 699.5 1536.5 623.5
1685.5 1177.5 1746.5 1213.5 1707.5 1217.5
1997.5 1321.5 1955.5 1237.5 2051.5 1305.5
61.5 799.5 17.5 823.5 37.5 766.5
1757.5 572.5 1696.5 427.5 1816.5 380.5
2007.5 711.5 2065.5 823.5 1951.5 775.5
1798.5 906.5 1745.5 860.5 1833.5 827.5
1819.5 918.5 1798.5 906.5 1833.5 827.5
1375.5 874.5 1399.5 993.5 1284.5 956.5
1727.5 916.5 1636.5 922.5 1745.5 860.5
1673.5 565.5 1536.5 623.5 1601.5 471.5
1798.5 906.5 1727.5 916.5 1745.5 860.5
1402.5 1042.5 1445.5 1048.5 1361.5 1093.5
856.5 1293.5 914.5 1398.5 852.5 1384.5
1215.5 522.5 1157.5 620.5 1102.5 552.5
942.5 863.5 970.5 810.5 1015.5 840.5
901.5 814.5 833.5 772.5 914.5 786.5
1213.5 977.5 1131.5 803.5 1229.5 968.5
1067.5 803.5 980.5 796.5 1157.5 620.5
1023.5 363.5 1026.5 363.5 1083.5 471.5
1324.5 430.5 1297.5 459.5 1266.5 290.5
1069.5 508.5 894.5 537.5 1023.5 363.5
1414.5 365.5 1436.5 494.5 1324.5 430.5
1297.5 459.5 1418.5 634.5 1215.5 522.5
1696.5 427.5 1601.5 471.5 1665.5 337.5
1425.5 2062.5 1313.5 2016.5 1332.5 1833.5
2027.5 2006.5 2066.5 2071.5 2048.5 2110.5
1710.5 244.5 1673.5 276.5 1695.5 220.5
1832.5 224.5 1745.5 252.5 1695.5 220.5
1673.5 276.5 1596.5 274.5 1695.5 220.5
1985.5 236.5 2016.5 223.5 2068.5 306.5
1732.5 376.5 1665.5 337.5 1754.5 310.5
1985.5 236.5 2068.5 306.5 1978.5 419.5
2016.5 535.5 2101.5 577.5 1975.5 576.5
1879.5 70.5 1832.5 224.5 1710.5 51.5
1745.5 252.5 1710.5 244.5 1695.5 220.5
1969.5 2000.5 2048.5 2110.5 1963.5 2000.5
1832.5 224.5 1695.5 220.5 1710.5 51.5
117.5 25.5 175.5 6.5 187.5 85.5
409.5 1912.5 274.5 1800.5 360.5 1763.5
138.5 166.5 117.5 25.5 187.5 85.5
113.5 2025.5 18.5 2071.5 70.5 1955.5
117.5 25.5 0.5 62.5 18.5 23.5
117.5 25.5 138.5 166.5 0.5 62.5
175.5 6.5 253.5 36.5 187.5 85.5
1985.5 236.5 1978.5 419.5 1816.5 380.5
257.5 423.5 85.5 466.5 20.5 306.5
2101.5 577.5 2097.5 670.5 2040.5 677.5
138.5 166.5 269.5 210.5 270.5 402.5
228.5 587.5 145.5 679.5 53.5 577.5
1975.5 576.5 2101.5 577.5 2040.5 677.5
85.5 466.5 244.5 450.5 228.5 587.5
85.5 466.5 228.5 587.5 53.5 577.5
298.5 542.5 384.5 493.5 314.5 613.5
138.5 166.5 270.5 402.5 20.5 306.5
384.5 493.5 298.5 542.5 244.5 450.5
187.5 85.5 269.5 210.5 138.5 166.5
269.5 210.5 379.5 208.5 270.5 402.5
244.5 450.5 85.5 466.5 257.5 423.5
384.5 493.5 270.5 402.5 464.5 372.5
257.5 423.5 20.5 306.5 270.5 402.5
407.5 106.5 360.5 186.5 347.5 150.5
300.5 73.5 187.5 85.5 253.5 36.5
269.5 210.5 347.5 150.5 360.5 186.5
300.5 2121.5 280.5 2091.5 420.5 1979.5
300.5 73.5 253.5 36.5 280.5 43.5
220.5 1980.5 125.5 1889.5 274.5 1800.5
269.5 210.5 187.5 85.5 300.5 73.5
253.5 2084.5 220.5 1980.5 280.5 2091.5
269.5 210.5 300.5 73.5 347.5 150.5
420.5 1979.5 482.5 1867.5 535.5 2084.5
464.5 372.5 379.5 208.5 476.5 249.5
464.5 372.5 270.5 402.5 379.5 208.5
535.5 2084.5 407.5 2154.5 420.5 1979.5
347.5 150.5 300.5 73.5 407.5 106.5
535.5 36.5 436.5 125.5 407.5 106.5
476.5 249.5 379.5 208.5 436.5 125.5
586.5 70.5 518.5 136.5 535.5 36.5
524.5 215.5 436.5 125.5 518.5 136.5
617.5 2102.5 535.5 2084.5 630.5 2035.5
518.5 136.5 436.5 125.5 535.5 36.5
755.5 2074.5 617.5 2102.5 656.5 2030.5
776.5 81.5 789.5 236.5 617.5 54.5
911.5 179.5 789.5 236.5 840.5 131.5
619.5 489.5 464.5 372.5 524.5 215.5
617.5 54.5 586.5 70.5 535.5 36.5
617.5 54.5 789.5 236.5 586.5 70.5
586.5 70.5 524.5 215.5 518.5 136.5
789.5 236.5 619.5 489.5 524.5 215.5
1023.5 363.5 883.5 284.5 911.5 179.5
1023.5 363.5 894.5 537.5 871.5 527.5
738.5 586.5 804.5 526.5 842.5 697.5
871.5 527.5 883.5 284.5 1023.5 363.5
842.5 697.5 871.5 527.5 894.5 537.5
835.5 518.5 804.5 526.5 883.5 284.5
842.5 697.5 804.5 526.5 871.5 527.5
804.5 526.5 789.5 236.5 883.5 284.5
703.5 684.5 738.5 586.5 842.5 697.5
804.5 526.5 835.5 518.5 871.5 527.5
721.5 582.5 804.5 526.5 738.5 586.5
663.5 562.5 619.5 489.5 804.5 526.5
804.5 526.5 619.5 489.5 789.5 236.5
506.5 512.5 384.5 493.5 464.5 372.5
663.5 562.5 506.5 512.5 619.5 489.5
663.5 562.5 653.5 637.5 506.5 512.5
833.5 772.5 659.5 799.5 703.5 684.5
663.5 562.5 804.5 526.5 721.5 582.5
703.5 684.5 653.5 637.5 721.5 582.5
659.5 799.5 445.5 619.5 653.5 637.5
674.5 917.5 659.5 799.5 833.5 772.5
521.5 901.5 419.5 856.5 659.5 799.5
833.5 772.5 703.5 684.5 842.5 697.5
659.5 799.5 653.5 637.5 703.5 684.5
914.5 786.5 833.5 772.5 842.5 697.5
878.5 830.5 674.5 917.5 833.5 772.5
894.5 537.5 980.5 796.5 842.5 697.5
970.5 810.5 942.5 863.5 901.5 814.5
1102.5 552.5 980.5 796.5 894.5 537.5
970.5 810.5 914.5 786.5 980.5 796.5
1060.5 886.5 1015.5 840.5 1023.5 828.5
1060.5 886.5 916.5 929.5 942.5 863.5
1060.5 886.5 942.5 863.5 1015.5 840.5
885.5 897.5 878.5 830.5 942.5 863.5
878.5 830.5 901.5 814.5 942.5 863.5
878.5 830.5 833.5 772.5 901.5 814.5
1359.5 1027.5 1251.5 1002.5 1284.5 956.5
688.5 1224.5 636.5 1308.5 539.5 1151.5
762.5 1048.5 916.5 929.5 833.5 1130.5
885.5 897.5 942.5 863.5 916.5 929.5
916.5 929.5 994.5 1004.5 833.5 1130.5
916.5 929.5 1065.5 956.5 994.5 1004.5
790.5 1301.5 664.5 1335.5 688.5 1224.5
539.5 1151.5 750.5 1019.5 762.5 1048.5
540.5 934.5 521.5 901.5 625.5 941.5
521.5 901.5 659.5 799.5 625.5 941.5
539.5 1151.5 625.5 941.5 750.5 1019.5
625.5 941.5 659.5 799.5 674.5 917.5
539.5 1151.5 501.5 1096.5 625.5 941.5
419.5 856.5 445.5 619.5 659.5 799.5
762.5 1048.5 688.5 1224.5 539.5 1151.5
433.5 981.5 540.5 934.5 501.5 1096.5
625.5 941.5 501.5 1096.5 540.5 934.5
325.5 839.5 375.5 883.5 277.5 935.5
539.5 1151.5 399.5 1109.5 501.5 1096.5
452.5 1300.5 424.5 1331.5 399.5 1109.5
279.5 994.5 322.5 1064.5 225.5 1006.5
169.5 1191.5 424.5 1331.5 156.5 1346.5
279.5 994.5 433.5 981.5 322.5 1064.5
521.5 901.5 540.5 934.5 433.5 981.5
433.5 981.5 375.5 883.5 419.5 856.5
433.5 981.5 277.5 935.5 375.5 883.5
653.5 637.5 445.5 619.5 506.5 512.5
314.5 613.5 286.5 623.5 298.5 542.5
419.5 856.5 294.5 778.5 445.5 619.5
445.5 619.5 314.5 613.5 431.5 603.5
294.5 778.5 252.5 789.5 286.5 623.5
445.5 619.5 294.5 778.5 314.5 613.5
325.5 839.5 277.5 935.5 252.5 789.5
433.5 981.5 419.5 856.5 521.5 901.5
375.5 883.5 325.5 839.5 419.5 856.5
294.5 778.5 286.5 623.5 314.5 613.5
145.5 679.5 228.5 587.5 286.5 623.5
37.5 766.5 69.5 711.5 101.5 725.5
2085.5 766.5 2040.5 677.5 2117.5 711.5
252.5 789.5 176.5 762.5 286.5 623.5
94.5 853.5 61.5 799.5 176.5 762.5
325.5 839.5 252.5 789.5 294.5 778.5
277.5 935.5 94.5 853.5 252.5 789.5
94.5 853.5 17.5 823.5 61.5 799.5
2044.5 947.5 1935.5 1042.5 1881.5 1028.5
225.5 1006.5 72.5 895.5 94.5 853.5
225.5 1006.5 129.5 1077.5 72.5 895.5
277.5 935.5 279.5 994.5 225.5 1006.5
277.5 935.5 433.5 981.5 279.5 994.5
322.5 1064.5 169.5 1191.5 225.5 1006.5
156.5 1346.5 424.5 1331.5 270.5 1504.5
129.5 1077.5 84.5 1124.5 39.5 1098.5
129.5 1077.5 225.5 1006.5 169.5 1191.5
2133.5 1360.5 2063.5 1415.5 2032.5 1334.5
54.5 1432.5 20.5 1516.5 3.5 1456.5
84.5 1124.5 33.5 1182.5 39.5 1098.5
169.5 1191.5 322.5 1064.5 399.5 1109.5
135.5 1200.5 85.5 1360.5 3.5 1305.5
54.5 1432.5 42.5 1529.5 20.5 1516.5
270.5 1504.5 112.5 1372.5 156.5 1346.5
270.5 1504.5 85.5 1568.5 54.5 1432.5
85.5 1360.5 135.5 1200.5 156.5 1346.5
84.5 1124.5 129.5 1077.5 169.5 1191.5
85.5 1360.5 156.5 1346.5 112.5 1372.5
135.5 1200.5 169.5 1191.5 156.5 1346.5
84.5 1124.5 169.5 1191.5 135.5 1200.5
399.5 1109.5 424.5 1331.5 169.5 1191.5
579.5 1403.5 613.5 1438.5 549.5 1458.5
270.5 1504.5 362.5 1494.5 350.5 1574.5
549.5 1653.5 599.5 1514.5 612.5 1623.5
424.5 1331.5 475.5 1439.5 362.5 1494.5
424.5 1331.5 452.5 1300.5 475.5 1439.5
664.5 1335.5 790.5 1301.5 794.5 1404.5
599.5 1514.5 549.5 1653.5 549.5 1458.5
309.5 1652.5 359.5 1583.5 367.5 1636.5
350.5 1574.5 362.5 1494.5 359.5 1583.5
281.5 1614.5 350.5 1574.5 359.5 1583.5
281.5 1614.5 253.5 1562.5 350.5 1574.5
85.5 1568.5 42.5 1529.5 54.5 1432.5
85.5 1360.5 54.5 1432.5 15.5 1415.5
112.5 1372.5 270.5 1504.5 54.5 1432.5
54.5 1432.5 3.5 1456.5 15.5 1415.5
2068.5 1516.5 2017.5 1441.5 2051.5 1456.5
135.5 1664.5 85.5 1568.5 253.5 1562.5
135.5 1664.5 89.5 1666.5 85.5 1568.5
110.5 1809.5 186.5 1774.5 125.5 1889.5
360.5 1763.5 367.5 1636.5 420.5 1798.5
186.5 1774.5 110.5 1809.5 135.5 1664.5
125.5 1889.5 70.5 1955.5 17.5 1810.5
110.5 1809.5 89.5 1666.5 135.5 1664.5
1890.5 1832.5 1889.5 1761.5 2008.5 1806.5
281.5 1614.5 311.5 1712.5 135.5 1664.5
274.5 1800.5 125.5 1889.5 186.5 1774.5
110.5 1809.5 17.5 1810.5 89.5 1666.5
110.5 1809.5 125.5 1889.5 17.5 1810.5
220.5 1980.5 113.5 2025.5 96.5 1964.5
96.5 1964.5 113.5 2025.5 70.5 1955.5
175.5 2054.5 117.5 2073.5 113.5 2025.5
175.5 2054.5 220.5 1980.5 253.5 2084.5
175.5 2054.5 113.5 2025.5 220.5 1980.5
125.5 1889.5 96.5 1964.5 70.5 1955.5
125.5 1889.5 220.5 1980.5 96.5 1964.5
300.5 2121.5 420.5 1979.5 407.5 2154.5
280.5 2091.5 220.5 1980.5 420.5 1979.5
420.5 1979.5 409.5 1912.5 482.5 1867.5
420.5 1979.5 220.5 1980.5 409.5 1912.5
632.5 1893.5 496.5 1845.5 548.5 1795.5
482.5 1867.5 409.5 1912.5 420.5 1798.5
549.5 1653.5 420.5 1798.5 367.5 1636.5
496.5 1845.5 482.5 1867.5 420.5 1798.5
338.5 1694.5 360.5 1763.5 311.5 1712.5
420.5 1798.5 409.5 1912.5 360.5 1763.5
367.5 1636.5 338.5 1694.5 309.5 1652.5
360.5 1763.5 274.5 1800.5 311.5 1712.5
311.5 1712.5 281.5 1614.5 309.5 1652.5
135.5 1664.5 253.5 1562.5 281.5 1614.5
309.5 1652.5 338.5 1694.5 311.5 1712.5
367.5 1636.5 360.5 1763.5 338.5 1694.5
359.5 1583.5 376.5 1609.5 367.5 1636.5
359.5 1583.5 362.5 1494.5 376.5 1609.5
667.5 1633.5 612.5 1623.5 705.5 1524.5
549.5 1653.5 367.5 1636.5 376.5 1609.5
763.5 1532.5 776.5 1651.5 667.5 1633.5
692.5 1772.5 548.5 1795.5 549.5 1653.5
692.5 1772.5 549.5 1653.5 612.5 1623.5
548.5 1795.5 420.5 1798.5 549.5 1653.5
776.5 1651.5 692.5 1772.5 667.5 1633.5
675.5 1864.5 770.5 1859.5 734.5 2008.5
675.5 1864.5 632.5 1893.5 548.5 1795.5
630.5 2035.5 535.5 2084.5 482.5 1867.5
656.5 2030.5 630.5 2035.5 632.5 1893.5
656.5 2030.5 617.5 2102.5 630.5 2035.5
734.5 2008.5 656.5 2030.5 632.5 1893.5
675.5 1864.5 734.5 2008.5 632.5 1893.5
853.5 1972.5 862.8 2052.8 749.5 2029.5
854.5 1812.5 805.5 1850.5 692.5 1772.5
851.5 1968.5 853.5 1972.5 749.5 2029.5
755.5 2074.5 749.5 2029.5 862.8 2052.8
755.5 2074.5 656.5 2030.5 749.5 2029.5
770.5 1859.5 851.5 1968.5 734.5 2008.5
770.5 1859.5 805.5 1850.5 851.5 1968.5
1068.5 1954.5 988.5 1936.5 1011.5 1913.5
1068.5 1954.5 1151.5 2172.5 864 2054
934.5 1754.5 884.5 1923.5 854.5 1812.5
988.5 1936.5 873.5 1951.5 884.5 1923.5
1123.5 1652.5 1011.5 1913.5 934.5 1754.5
1230.5 2037.5 1246.5 2075.5 1151.5 2172.5
692.5 1772.5 770.5 1859.5 675.5 1864.5
805.5 1850.5 884.5 1923.5 851.5 1968.5
692.5 1772.5 776.5 1651.5 854.5 1812.5
667.5 1633.5 705.5 1524.5 763.5 1532.5
692.5 1772.5 805.5 1850.5 770.5 1859.5
854.5 1812.5 884.5 1923.5 805.5 1850.5
1123.5 1652.5 934.5 1754.5 1064.5 1617.5
1011.5 1913.5 884.5 1923.5 934.5 1754.5
921.5 1482.5 875.5 1456.5 919.5 1439.5
852.5 1384.5 790.5 1301.5 828.5 1290.5
875.5 1456.5 887.5 1409.5 919.5 1439.5
875.5 1456.5 794.5 1404.5 852.5 1384.5
921.5 1482.5 958.5 1465.5 1041.5 1549.5
921.5 1482.5 919.5 1439.5 958.5 1465.5
763.5 1532.5 758.5 1467.5 875.5 1456.5
618.5 1428.5 737.5 1460.5 613.5 1438.5
758.5 1467.5 763.5 1532.5 705.5 1524.5
875.5 1456.5 921.5 1482.5 763.5 1532.5
599.5 1514.5 613.5 1438.5 705.5 1524.5
794.5 1404.5 875.5 1456.5 758.5 1467.5
737.5 1460.5 758.5 1467.5 705.5 1524.5
613.5 1438.5 737.5 1460.5 705.5 1524.5
636.5 1308.5 664.5 1335.5 579.5 1403.5
664.5 1335.5 794.5 1404.5 737.5 1460.5
579.5 1403.5 664.5 1335.5 618.5 1428.5
794.5 1404.5 758.5 1467.5 737.5 1460.5
539.5 1151.5 636.5 1308.5 452.5 1300.5
618.5 1428.5 613.5 1438.5 579.5 1403.5
452.5 1300.5 636.5 1308.5 579.5 1403.5
618.5 1428.5 664.5 1335.5 737.5 1460.5
636.5 1308.5 688.5 1224.5 664.5 1335.5
833.5 1130.5 688.5 1224.5 762.5 1048.5
833.5 1130.5 790.5 1301.5 688.5 1224.5
994.5 1004.5 980.5 1306.5 833.5 1130.5
852.5 1384.5 794.5 1404.5 790.5 1301.5
856.5 1293.5 852.5 1384.5 828.5 1290.5
887.5 1409.5 875.5 1456.5 852.5 1384.5
919.5 1439.5 914.5 1398.5 988.5 1429.5
887.5 1409.5 852.5 1384.5 914.5 1398.5
1121.5 1003.5 980.5 1306.5 994.5 1004.5
988.5 1429.5 914.5 1398.5 980.5 1306.5
833.5 1130.5 856.5 1293.5 828.5 1290.5
980.5 1306.5 914.5 1398.5 856.5 1293.5
1410.5 1197.5 1273.5 1231.5 1360.5 1114.5
1273.5 1231.5 1079.5 1394.5 980.5 1306.5
1121.5 1003.5 1209.5 1034.5 1271.5 1132.5
1223.5 1007.5 1251.5 1002.5 1246.5 1054.5
1273.5 1231.5 1271.5 1132.5 1360.5 1114.5
1273.5 1231.5 980.5 1306.5 1271.5 1132.5
1271.5 1132.5 1361.5 1093.5 1360.5 1114.5
1361.5 1093.5 1445.5 1048.5 1360.5 1114.5
1551.5 1274.5 1575.5 1492.5 1535.5 1507.5
1373.5 1358.5 1422.5 1229.5 1551.5 1274.5
1410.5 1197.5 1462.5 1155.5 1422.5 1229.5
1649.5 1054.5 1685.5 1177.5 1494.5 1099.5
1410.5 1197.5 1360.5 1114.5 1462.5 1155.5
1649.5 1054.5 1494.5 1099.5 1445.5 1048.5
1462.5 1155.5 1360.5 1114.5 1445.5 1048.5
1462.5 1155.5 1551.5 1274.5 1422.5 1229.5
1707.5 1217.5 1766.5 1285.5 1551.5 1274.5
1633.5 1544.5 1575.5 1492.5 1782.5 1323.5
1633.5 1544.5 1636.5 1560.5 1567.5 1522.5
1551.5 1274.5 1535.5 1507.5 1437.5 1490.5
1575.5 1492.5 1567.5 1522.5 1535.5 1507.5
1437.5 1490.5 1511.5 1543.5 1362.5 1596.5
1535.5 1507.5 1567.5 1522.5 1511.5 1543.5
1373.5 1358.5 1437.5 1490.5 1368.5 1478.5
1535.5 1507.5 1511.5 1543.5 1437.5 1490.5
1172.5 1513.5 1079.5 1394.5 1273.5 1305.5
1273.5 1305.5 1422.5 1229.5 1373.5 1358.5
1422.5 1229.5 1273.5 1305.5 1273.5 1231.5
1373.5 1358.5 1368.5 1478.5 1273.5 1305.5
980.5 1306.5 1079.5 1394.5 988.5 1429.5
1273.5 1305.5 1368.5 1478.5 1172.5 1513.5
1362.5 1596.5 1193.5 1551.5 1368.5 1478.5
1172.5 1577.5 1040.5 1571.5 1041.5 1549.5
1064.5 1617.5 934.5 1754.5 1040.5 1571.5
1172.5 1577.5 1193.5 1551.5 1362.5 1596.5
1172.5 1577.5 1172.5 1513.5 1193.5 1551.5
1123.5 1652.5 1172.5 1577.5 1312.5 1734.5
1064.5 1617.5 1040.5 1571.5 1172.5 1577.5
1172.5 1513.5 1172.5 1577.5 1041.5 1549.5
1172.5 1577.5 1123.5 1652.5 1064.5 1617.5
1260.5 1776.5 1068.5 1954.5 1011.5 1913.5
1123.5 1652.5 1260.5 1776.5 1011.5 1913.5
1230.5 2037.5 1151.5 2172.5 1068.5 1954.5
1260.5 1776.5 1283.5 1938.5 1068.5 1954.5
1068.5 1954.5 1283.5 1938.5 1230.5 2037.5
1332.5 1833.5 1545.5 1806.5 1540.5 2031.5
1312.5 1734.5 1260.5 1776.5 1123.5 1652.5
1324.5 1799.5 1332.5 1833.5 1260.5 1776.5
1425.5 2062.5 1394.5 2167.5 1313.5 2016.5
1313.5 2016.5 1283.5 1938.5 1332.5 1833.5
1283.5 1938.5 1313.5 2016.5 1230.5 2037.5
1425.5 2062.5 1332.5 1833.5 1540.5 2031.5
1283.5 1938.5 1260.5 1776.5 1332.5 1833.5
1540.5 2031.5 1545.5 1806.5 1656.5 1879.5
1332.5 1833.5 1324.5 1799.5 1430.5 1751.5
1699.5 1633.5 1495.5 1756.5 1523.5 1593.5
1545.5 1806.5 1332.5 1833.5 1430.5 1751.5
1312.5 1734.5 1324.5 1799.5 1260.5 1776.5
1312.5 1734.5 1397.5 1664.5 1430.5 1751.5
1464.5 1745.5 1430.5 1751.5 1397.5 1664.5
1495.5 1756.5 1545.5 1806.5 1430.5 1751.5
1523.5 1593.5 1464.5 1745.5 1397.5 1664.5
1495.5 1756.5 1430.5 1751.5 1464.5 1745.5
1575.5 1492.5 1633.5 1544.5 1567.5 1522.5
1818.5 1542.5 1791.5 1647.5 1699.5 1633.5
2008.5 1806.5 1977.5 1853.5 1890.5 1832.5
1818.5 1542.5 1917.5 1469.5 2092.5 1606.5
1865.5 1908.5 1732.5 1784.5 1890.5 1832.5
1703.5 1832.5 1545.5 1806.5 1732.5 1784.5
1803.5 1967.5 1675.5 1883.5 1703.5 1832.5
1656.5 1879.5 1545.5 1806.5 1703.5 1832.5
1732.5 1784.5 1865.5 1908.5 1703.5 1832.5
1803.5 1967.5 1712.5 2026.5 1675.5 1883.5
1803.5 1967.5 1879.5 1935.5 1802.5 1981.5
1712.5 2026.5 1591.5 2040.5 1656.5 1879.5
1845.5 2047.5 1712.5 2026.5 1802.5 1981.5
1648.5 150.5 1695.5 220.5 1596.5 274.5
1803.5 1967.5 1865.5 1908.5 1879.5 1935.5
1963.5 2000.5 1879.5 2118.5 1845.5 2047.5
1879.5 1935.5 1845.5 2047.5 1802.5 1981.5
1802.5 1981.5 1712.5 2026.5 1803.5 1967.5
1969.5 1911.5 1879.5 1935.5 1942.5 1862.5
1803.5 1967.5 1703.5 1832.5 1865.5 1908.5
1942.5 1862.5 1879.5 1935.5 1865.5 1908.5
1963.5 2000.5 1845.5 2047.5 1879.5 1935.5
1969.5 2000.5 1969.5 1911.5 2027.5 2006.5
1963.5 2000.5 1879.5 1935.5 1969.5 1911.5
1963.5 2000.5 1969.5 1911.5 1969.5 2000.5
1969.5 1911.5 1977.5 1853.5 2065.5 1810.5
1969.5 1911.5 1942.5 1862.5 1977.5 1853.5
1865.5 1908.5 1894.5 1838.5 1942.5 1862.5
1889.5 1761.5 1791.5 1647.5 1818.5 1542.5
1865.5 1908.5 1890.5 1832.5 1894.5 1838.5
1732.5 1784.5 1791.5 1647.5 1889.5 1761.5
2137.5 1666.5 2036.5 1787.5 2092.5 1606.5
1890.5 1832.5 1732.5 1784.5 1889.5 1761.5
2092.5 1606.5 2036.5 1787.5 1889.5 1761.5
2065.5 1810.5 1977.5 1853.5 2008.5 1806.5
1889.5 1761.5 2036.5 1787.5 2008.5 1806.5
2137.5 1666.5 2065.5 1810.5 2036.5 1787.5
1863.5 1403.5 1917.5 1469.5 1871.5 1484.5
2017.5 1441.5 2068.5 1516.5 1917.5 1469.5
1840.5 1125.5 1908.5 1280.5 1762.5 1225.5
1997.5 1321.5 2017.5 1441.5 1913.5 1402.5
1863.5 1403.5 1913.5 1402.5 1917.5 1469.5
1913.5 1326.5 1997.5 1321.5 1913.5 1402.5
1818.5 1542.5 1871.5 1484.5 1917.5 1469.5
1840.5 1125.5 1746.5 1213.5 1725.5 1081.5
1732.5 1784.5 1699.5 1633.5 1791.5 1647.5
1732.5 1784.5 1545.5 1806.5 1699.5 1633.5
1782.5 1323.5 1863.5 1403.5 1818.5 1542.5
1699.5 1633.5 1523.5 1593.5 1636.5 1560.5
1818.5 1542.5 1699.5 1633.5 1636.5 1560.5
1818.5 1542.5 1636.5 1560.5 1633.5 1544.5
1818.5 1542.5 1863.5 1403.5 1871.5 1484.5
1782.5 1323.5 1913.5 1326.5 1863.5 1403.5
1727.5 916.5 1649.5 1054.5 1636.5 922.5
1725.5 1081.5 1746.5 1213.5 1685.5 1177.5
1725.5 1081.5 1685.5 1177.5 1649.5 1054.5
1707.5 1217.5 1551.5 1274.5 1685.5 1177.5
1782.5 1323.5 1766.5 1285.5 1908.5 1280.5
1766.5 1285.5 1707.5 1217.5 1762.5 1225.5
1908.5 1280.5 1766.5 1285.5 1762.5 1225.5
1782.5 1323.5 1551.5 1274.5 1766.5 1285.5
1746.5 1213.5 1840.5 1125.5 1762.5 1225.5
1725.5 1081.5 1727.5 916.5 1819.5 918.5
1782.5 1323.5 1908.5 1280.5 1913.5 1326.5
1955.5 1237.5 2033.5 1162.5 2051.5 1305.5
2017.5 1441.5 1997.5 1321.5 2032.5 1334.5
1913.5 1326.5 1908.5 1280.5 1997.5 1321.5
1840.5 1125.5 1955.5 1237.5 1908.5 1280.5
1840.5 1125.5 1935.5 1042.5 2033.5 1162.5
2051.5 1305.5 2033.5 1162.5 2081.5 1182.5
1955.5 1237.5 1840.5 1125.5 2033.5 1162.5
1951.5 775.5 2044.5 947.5 1819.5 918.5
1881.5 1028.5 1840.5 1125.5 1725.5 1081.5
2044.5 947.5 1881.5 1028.5 1819.5 918.5
1935.5 1042.5 1840.5 1125.5 1881.5 1028.5
2120.5 895.5 2044.5 947.5 2065.5 823.5
2087.5 1098.5 1935.5 1042.5 2044.5 947.5
2085.5 766.5 2065.5 823.5 2007.5 711.5
2065.5 823.5 2044.5 947.5 1951.5 775.5
1958.5 662.5 1975.5 576.5 2040.5 677.5
1958.5 662.5 2040.5 677.5 2007.5 711.5
1968.5 715.5 1939.5 684.5 1958.5 662.5
2016.5 535.5 2133.5 466.5 2101.5 577.5
1833.5 827.5 1939.5 684.5 1951.5 775.5
1958.5 662.5 1785.5 578.5 1975.5 576.5
2007.5 711.5 1968.5 715.5 1958.5 662.5
1951.5 775.5 1968.5 715.5 2007.5 711.5
1951.5 775.5 1939.5 684.5 1968.5 715.5
1833.5 827.5 1764.5 759.5 1939.5 684.5
1764.5 759.5 1745.5 860.5 1732.5 723.5
1588.5 699.5 1418.5 634.5 1536.5 623.5
1238.5 674.5 1157.5 620.5 1215.5 522.5
1785.5 578.5 1757.5 572.5 1816.5 380.5
1785.5 578.5 1939.5 684.5 1764.5 759.5
1636.5 922.5 1588.5 699.5 1745.5 860.5
1399.5 993.5 1359.5 1027.5 1284.5 956.5
1673.5 565.5 1732.5 723.5 1588.5 699.5
1757.5 572.5 1785.5 578.5 1732.5 723.5
1785.5 578.5 1764.5 759.5 1732.5 723.5
1833.5 827.5 1745.5 860.5 1764.5 759.5
1819.5 918.5 1727.5 916.5 1798.5 906.5
1725.5 1081.5 1649.5 1054.5 1727.5 916.5
1649.5 1054.5 1445.5 1048.5 1636.5 922.5
1494.5 1099.5 1462.5 1155.5 1445.5 1048.5
1359.5 1027.5 1402.5 1042.5 1361.5 1093.5
1359.5 1027.5 1399.5 993.5 1402.5 1042.5
1387.5 783.5 1636.5 922.5 1375.5 874.5
1636.5 922.5 1399.5 993.5 1375.5 874.5
1636.5 922.5 1445.5 1048.5 1399.5 993.5
1246.5 1054.5 1359.5 1027.5 1361.5 1093.5
1246.5 1054.5 1251.5 1002.5 1359.5 1027.5
1209.5 1034.5 1223.5 1007.5 1246.5 1054.5
1206.5 992.5 1213.5 977.5 1223.5 1007.5
1271.5 1132.5 1209.5 1034.5 1246.5 1054.5
1177.5 1013.5 1206.5 992.5 1212.5 1010.5
1121.5 1003.5 1177.5 1013.5 1209.5 1034.5
1213.5 977.5 1229.5 968.5 1223.5 1007.5
1212.5 1010.5 1206.5 992.5 1223.5 1007.5
1177.5 1013.5 1121.5 1003.5 1213.5 977.5
1209.5 1034.5 1212.5 1010.5 1223.5 1007.5
1209.5 1034.5 1177.5 1013.5 1212.5 1010.5
1177.5 1013.5 1213.5 977.5 1206.5 992.5
1121.5 1003.5 1065.5 956.5 1074.5 896.5
1213.5 977.5 1074.5 896.5 1131.5 803.5
1023.5 828.5 980.5 796.5 1067.5 803.5
1131.5 803.5 1074.5 896.5 1067.5 803.5
1065.5 956.5 916.5 929.5 1060.5 886.5
1060.5 886.5 1023.5 828.5 1067.5 803.5
1015.5 840.5 970.5 810.5 1023.5 828.5
1121.5 1003.5 1074.5 896.5 1213.5 977.5
1065.5 956.5 1060.5 886.5 1074.5 896.5
1238.5 674.5 1183.5 708.5 1157.5 620.5
1183.5 708.5 1067.5 803.5 1157.5 620.5
1387.5 783.5 1183.5 708.5 1238.5 674.5
1131.5 803.5 1067.5 803.5 1183.5 708.5
1131.5 803.5 1375.5 874.5 1284.5 956.5
1387.5 783.5 1588.5 699.5 1636.5 922.5
1588.5 699.5 1387.5 783.5 1418.5 634.5
1375.5 874.5 1131.5 803.5 1387.5 783.5
1418.5 634.5 1238.5 674.5 1215.5 522.5
1418.5 634.5 1387.5 783.5 1238.5 674.5
1585.5 317.5 1539.5 428.5 1414.5 365.5
1563.5 448.5 1536.5 623.5 1436.5 494.5
1345.5 372.5 1414.5 365.5 1324.5 430.5
1563.5 448.5 1601.5 471.5 1536.5 623.5
1585.5 317.5 1414.5 365.5 1486.5 176.5
1539.5 428.5 1436.5 494.5 1414.5 365.5
1436.5 494.5 1297.5 459.5 1324.5 430.5
1436.5 494.5 1418.5 634.5 1297.5 459.5
1215.5 522.5 1102.5 552.5 1083.5 471.5
1157.5 620.5 980.5 796.5 1102.5 552.5
1102.5 552.5 1069.5 508.5 1083.5 471.5
1102.5 552.5 894.5 537.5 1069.5 508.5
1026.5 363.5 1023.5 363.5 911.5 179.5
1083.5 471.5 1069.5 508.5 1023.5 363.5
1151.5 124.5 1026.5 363.5 911.5 179.5
1266.5 290.5 1297.5 459.5 1083.5 471.5
1221.5 227.5 1266.5 290.5 1211.5 240.5
1345.5 372.5 1324.5 430.5 1266.5 290.5
1246.5 27.5 1394.5 119.5 1230.5 150.5
1211.5 240.5 1026.5 363.5 1151.5 124.5
1230.5 150.5 1221.5 227.5 1151.5 124.5
1266.5 290.5 1026.5 363.5 1211.5 240.5
1151.5 124.5 1221.5 227.5 1211.5 240.5
1230.5 150.5 1394.5 119.5 1221.5 227.5
1246.5 27.5 1230.5 150.5 1151.5 124.5
1246.5 27.5 1258.5 12.5 1394.5 119.5
1394.5 2167.5 1258.5 2060.5 1313.5 2016.5
1246.5 2075.5 1230.5 2037.5 1258.5 2060.5
1414.5 365.5 1266.5 290.5 1486.5 176.5
1486.5 176.5 1266.5 290.5 1394.5 119.5
1648.5 150.5 1596.5 274.5 1486.5 176.5
1596.5 274.5 1585.5 317.5 1486.5 176.5
1591.5 2040.5 1527.5 2123.5 1540.5 2031.5
1591.5 2040.5 1712.5 2026.5 1684.5 2106.5
1527.5 2123.5 1425.5 2062.5 1540.5 2031.5
1527.5 75.5 1394.5 119.5 1425.5 14.5
1844.5 2072.5 1710.5 2099.5 1712.5 2026.5
1844.5 24.5 1879.5 70.5 1710.5 51.5
1591.5 2040.5 1684.5 2106.5 1527.5 2123.5
1710.5 51.5 1695.5 220.5 1648.5 150.5
1684.5 58.5 1648.5 150.5 1527.5 75.5
1684.5 58.5 1710.5 51.5 1648.5 150.5
1754.5 310.5 1673.5 276.5 1710.5 244.5
1665.5 337.5 1585.5 317.5 1596.5 274.5
1673.5 276.5 1665.5 337.5 1596.5 274.5
1665.5 337.5 1563.5 448.5 1585.5 317.5
1539.5 428.5 1563.5 448.5 1436.5 494.5
1539.5 428.5 1585.5 317.5 1563.5 448.5
1732.5 562.5 1673.5 565.5 1696.5 427.5
1732.5 562.5 1732.5 723.5 1673.5 565.5
1601.5 471.5 1563.5 448.5 1665.5 337.5
1754.5 310.5 1665.5 337.5 1673.5 276.5
1732.5 376.5 1696.5 427.5 1665.5 337.5
1757.5 572.5 1732.5 562.5 1696.5 427.5
1757.5 572.5 1732.5 723.5 1732.5 562.5
1912.5 458.5 2005.5 505.5 1975.5 576.5
1978.5 419.5 2068.5 306.5 2133.5 466.5
2005.5 505.5 2016.5 535.5 1975.5 576.5
2005.5 505.5 2133.5 466.5 2016.5 535.5
1912.5 458.5 1978.5 419.5 2005.5 505.5
1912.5 458.5 1816.5 380.5 1978.5 419.5
1832.5 224.5 1816.5 380.5 1754.5 310.5
1912.5 458.5 1785.5 578.5 1816.5 380.5
1754.5 310.5 1745.5 252.5 1832.5 224.5
1754.5 310.5 1710.5 244.5 1745.5 252.5
1845.5 2047.5 1879.5 2118.5 1844.5 2072.5
2048.5 62.5 2016.5 223.5 1879.5 70.5
1879.5 70.5 1985.5 236.5 1832.5 224.5
2016.5 223.5 2186.5 166.5 2068.5 306.5
1879.5 70.5 2016.5 223.5 1985.5 236.5
2048.5 62.5 2186.5 166.5 2016.5 223.5
