5.000000000000000000e-01 6.250000000000000000e+01
3.500000000000000000e+00 1.305500000000000000e+03
3.500000000000000000e+00 1.456500000000000000e+03
1.550000000000000000e+01 1.415500000000000000e+03
1.750000000000000000e+01 8.235000000000000000e+02
1.750000000000000000e+01 1.810500000000000000e+03
1.850000000000000000e+01 2.350000000000000000e+01
2.050000000000000000e+01 3.065000000000000000e+02
2.050000000000000000e+01 1.516500000000000000e+03
3.350000000000000000e+01 1.182500000000000000e+03
3.750000000000000000e+01 7.665000000000000000e+02
3.950000000000000000e+01 1.098500000000000000e+03
4.250000000000000000e+01 1.529500000000000000e+03
4.450000000000000000e+01 1.606500000000000000e+03
4.950000000000000000e+01 6.705000000000000000e+02
5.350000000000000000e+01 5.775000000000000000e+02
5.450000000000000000e+01 1.432500000000000000e+03
6.150000000000000000e+01 7.995000000000000000e+02
6.950000000000000000e+01 7.115000000000000000e+02
7.050000000000000000e+01 1.955500000000000000e+03
7.250000000000000000e+01 8.955000000000000000e+02
8.450000000000000000e+01 1.124500000000000000e+03
8.550000000000000000e+01 4.665000000000000000e+02
8.550000000000000000e+01 1.360500000000000000e+03
8.550000000000000000e+01 1.568500000000000000e+03
8.950000000000000000e+01 1.666500000000000000e+03
9.450000000000000000e+01 8.535000000000000000e+02
9.650000000000000000e+01 1.964500000000000000e+03
1.015000000000000000e+02 7.255000000000000000e+02
1.105000000000000000e+02 1.809500000000000000e+03
1.125000000000000000e+02 1.372500000000000000e+03
1.135000000000000000e+02 2.025500000000000000e+03
1.175000000000000000e+02 2.550000000000000000e+01
1.255000000000000000e+02 1.889500000000000000e+03
1.295000000000000000e+02 1.077500000000000000e+03
1.355000000000000000e+02 1.200500000000000000e+03
1.355000000000000000e+02 1.664500000000000000e+03
1.385000000000000000e+02 1.665000000000000000e+02
1.455000000000000000e+02 6.795000000000000000e+02
1.565000000000000000e+02 1.346500000000000000e+03
1.695000000000000000e+02 1.191500000000000000e+03
1.755000000000000000e+02 6.500000000000000000e+00
1.765000000000000000e+02 7.625000000000000000e+02
1.865000000000000000e+02 1.774500000000000000e+03
1.875000000000000000e+02 8.550000000000000000e+01
2.205000000000000000e+02 1.980500000000000000e+03
2.255000000000000000e+02 1.006500000000000000e+03
2.285000000000000000e+02 5.875000000000000000e+02
2.445000000000000000e+02 4.505000000000000000e+02
2.525000000000000000e+02 7.895000000000000000e+02
2.535000000000000000e+02 3.650000000000000000e+01
2.535000000000000000e+02 1.562500000000000000e+03
2.575000000000000000e+02 4.235000000000000000e+02
2.695000000000000000e+02 2.105000000000000000e+02
2.705000000000000000e+02 4.025000000000000000e+02
2.705000000000000000e+02 1.504500000000000000e+03
2.745000000000000000e+02 1.800500000000000000e+03
2.775000000000000000e+02 9.355000000000000000e+02
2.795000000000000000e+02 9.945000000000000000e+02
2.805000000000000000e+02 4.350000000000000000e+01
2.815000000000000000e+02 1.614500000000000000e+03
2.865000000000000000e+02 6.235000000000000000e+02
2.945000000000000000e+02 7.785000000000000000e+02
2.985000000000000000e+02 5.425000000000000000e+02
3.005000000000000000e+02 7.350000000000000000e+01
3.095000000000000000e+02 1.652500000000000000e+03
3.115000000000000000e+02 1.712500000000000000e+03
3.145000000000000000e+02 6.135000000000000000e+02
3.225000000000000000e+02 1.064500000000000000e+03
3.255000000000000000e+02 8.395000000000000000e+02
3.385000000000000000e+02 1.694500000000000000e+03
3.475000000000000000e+02 1.505000000000000000e+02
3.505000000000000000e+02 1.574500000000000000e+03
3.595000000000000000e+02 1.583500000000000000e+03
3.605000000000000000e+02 1.865000000000000000e+02
3.605000000000000000e+02 1.763500000000000000e+03
3.625000000000000000e+02 1.494500000000000000e+03
3.675000000000000000e+02 1.636500000000000000e+03
3.755000000000000000e+02 8.835000000000000000e+02
3.765000000000000000e+02 1.609500000000000000e+03
3.795000000000000000e+02 2.085000000000000000e+02
3.845000000000000000e+02 4.935000000000000000e+02
3.995000000000000000e+02 1.109500000000000000e+03
4.075000000000000000e+02 1.065000000000000000e+02
4.095000000000000000e+02 1.912500000000000000e+03
4.195000000000000000e+02 8.565000000000000000e+02
4.205000000000000000e+02 1.798500000000000000e+03
4.205000000000000000e+02 1.979500000000000000e+03
4.245000000000000000e+02 1.331500000000000000e+03
4.315000000000000000e+02 6.035000000000000000e+02
4.335000000000000000e+02 9.815000000000000000e+02
4.365000000000000000e+02 1.255000000000000000e+02
4.455000000000000000e+02 6.195000000000000000e+02
4.525000000000000000e+02 1.300500000000000000e+03
4.645000000000000000e+02 3.725000000000000000e+02
4.755000000000000000e+02 1.439500000000000000e+03
4.765000000000000000e+02 2.495000000000000000e+02
4.825000000000000000e+02 1.867500000000000000e+03
4.965000000000000000e+02 1.845500000000000000e+03
5.015000000000000000e+02 1.096500000000000000e+03
5.065000000000000000e+02 5.125000000000000000e+02
5.185000000000000000e+02 1.365000000000000000e+02
5.215000000000000000e+02 9.015000000000000000e+02
5.245000000000000000e+02 2.155000000000000000e+02
5.355000000000000000e+02 3.650000000000000000e+01
5.395000000000000000e+02 1.151500000000000000e+03
5.405000000000000000e+02 9.345000000000000000e+02
5.485000000000000000e+02 1.795500000000000000e+03
5.495000000000000000e+02 1.458500000000000000e+03
5.495000000000000000e+02 1.653500000000000000e+03
5.795000000000000000e+02 1.403500000000000000e+03
5.865000000000000000e+02 7.050000000000000000e+01
5.995000000000000000e+02 1.514500000000000000e+03
6.125000000000000000e+02 1.623500000000000000e+03
6.135000000000000000e+02 1.438500000000000000e+03
6.175000000000000000e+02 5.450000000000000000e+01
6.185000000000000000e+02 1.428500000000000000e+03
6.195000000000000000e+02 4.895000000000000000e+02
6.255000000000000000e+02 9.415000000000000000e+02
6.305000000000000000e+02 2.035500000000000000e+03
6.325000000000000000e+02 1.893500000000000000e+03
6.365000000000000000e+02 1.308500000000000000e+03
6.535000000000000000e+02 6.375000000000000000e+02
6.565000000000000000e+02 2.030500000000000000e+03
6.595000000000000000e+02 7.995000000000000000e+02
6.635000000000000000e+02 5.625000000000000000e+02
6.645000000000000000e+02 1.335500000000000000e+03
6.675000000000000000e+02 1.633500000000000000e+03
6.745000000000000000e+02 9.175000000000000000e+02
6.755000000000000000e+02 1.864500000000000000e+03
6.885000000000000000e+02 1.224500000000000000e+03
6.925000000000000000e+02 1.772500000000000000e+03
7.035000000000000000e+02 6.845000000000000000e+02
7.055000000000000000e+02 1.524500000000000000e+03
7.215000000000000000e+02 5.825000000000000000e+02
7.345000000000000000e+02 2.008500000000000000e+03
7.375000000000000000e+02 1.460500000000000000e+03
7.385000000000000000e+02 5.865000000000000000e+02
7.495000000000000000e+02 2.029500000000000000e+03
7.505000000000000000e+02 1.019500000000000000e+03
7.555000000000000000e+02 2.650000000000000000e+01
7.585000000000000000e+02 1.467500000000000000e+03
7.625000000000000000e+02 1.048500000000000000e+03
7.635000000000000000e+02 1.532500000000000000e+03
7.705000000000000000e+02 1.859500000000000000e+03
7.765000000000000000e+02 8.150000000000000000e+01
7.765000000000000000e+02 1.651500000000000000e+03
7.895000000000000000e+02 2.365000000000000000e+02
7.905000000000000000e+02 1.301500000000000000e+03
7.945000000000000000e+02 1.404500000000000000e+03
8.045000000000000000e+02 5.265000000000000000e+02
8.055000000000000000e+02 1.850500000000000000e+03
8.285000000000000000e+02 1.290500000000000000e+03
8.335000000000000000e+02 7.725000000000000000e+02
8.335000000000000000e+02 1.130500000000000000e+03
8.355000000000000000e+02 5.185000000000000000e+02
8.405000000000000000e+02 1.315000000000000000e+02
8.425000000000000000e+02 6.975000000000000000e+02
8.515000000000000000e+02 1.968500000000000000e+03
8.525000000000000000e+02 1.384500000000000000e+03
8.535000000000000000e+02 1.972500000000000000e+03
8.545000000000000000e+02 1.812500000000000000e+03
8.565000000000000000e+02 1.293500000000000000e+03
8.627999999999999545e+02 4.799999999999999822e+00
8.640000000000000000e+02 6.000000000000000000e+00
8.715000000000000000e+02 5.275000000000000000e+02
8.735000000000000000e+02 1.951500000000000000e+03
8.755000000000000000e+02 1.456500000000000000e+03
8.785000000000000000e+02 8.305000000000000000e+02
8.835000000000000000e+02 2.845000000000000000e+02
8.845000000000000000e+02 1.923500000000000000e+03
8.855000000000000000e+02 8.975000000000000000e+02
8.875000000000000000e+02 1.409500000000000000e+03
8.945000000000000000e+02 5.375000000000000000e+02
9.015000000000000000e+02 8.145000000000000000e+02
9.115000000000000000e+02 1.795000000000000000e+02
9.145000000000000000e+02 7.865000000000000000e+02
9.145000000000000000e+02 1.398500000000000000e+03
9.165000000000000000e+02 9.295000000000000000e+02
9.195000000000000000e+02 1.439500000000000000e+03
9.215000000000000000e+02 1.482500000000000000e+03
9.345000000000000000e+02 1.754500000000000000e+03
9.425000000000000000e+02 8.635000000000000000e+02
9.585000000000000000e+02 1.465500000000000000e+03
9.705000000000000000e+02 8.105000000000000000e+02
9.805000000000000000e+02 7.965000000000000000e+02
9.805000000000000000e+02 1.306500000000000000e+03
9.885000000000000000e+02 1.429500000000000000e+03
9.885000000000000000e+02 1.936500000000000000e+03
9.945000000000000000e+02 1.004500000000000000e+03
1.011500000000000000e+03 1.913500000000000000e+03
1.015500000000000000e+03 8.405000000000000000e+02
1.023500000000000000e+03 3.635000000000000000e+02
1.023500000000000000e+03 8.285000000000000000e+02
1.026500000000000000e+03 3.635000000000000000e+02
1.040500000000000000e+03 1.571500000000000000e+03
1.041500000000000000e+03 1.549500000000000000e+03
1.060500000000000000e+03 8.865000000000000000e+02
1.064500000000000000e+03 1.617500000000000000e+03
1.065500000000000000e+03 9.565000000000000000e+02
1.067500000000000000e+03 8.035000000000000000e+02
1.068500000000000000e+03 1.954500000000000000e+03
1.069500000000000000e+03 5.085000000000000000e+02
1.074500000000000000e+03 8.965000000000000000e+02
1.079500000000000000e+03 1.394500000000000000e+03
1.083500000000000000e+03 4.715000000000000000e+02
1.102500000000000000e+03 5.525000000000000000e+02
1.121500000000000000e+03 1.003500000000000000e+03
1.123500000000000000e+03 1.652500000000000000e+03
1.131500000000000000e+03 8.035000000000000000e+02
1.151500000000000000e+03 1.245000000000000000e+02
1.157500000000000000e+03 6.205000000000000000e+02
1.172500000000000000e+03 1.513500000000000000e+03
1.172500000000000000e+03 1.577500000000000000e+03
1.177500000000000000e+03 1.013500000000000000e+03
1.183500000000000000e+03 7.085000000000000000e+02
1.193500000000000000e+03 1.551500000000000000e+03
1.206500000000000000e+03 9.925000000000000000e+02
1.209500000000000000e+03 1.034500000000000000e+03
1.211500000000000000e+03 2.405000000000000000e+02
1.212500000000000000e+03 1.010500000000000000e+03
1.213500000000000000e+03 9.775000000000000000e+02
1.215500000000000000e+03 5.225000000000000000e+02
1.221500000000000000e+03 2.275000000000000000e+02
1.223500000000000000e+03 1.007500000000000000e+03
1.229500000000000000e+03 9.685000000000000000e+02
1.230500000000000000e+03 1.505000000000000000e+02
1.230500000000000000e+03 2.037500000000000000e+03
1.238500000000000000e+03 6.745000000000000000e+02
1.246500000000000000e+03 2.750000000000000000e+01
1.246500000000000000e+03 1.054500000000000000e+03
1.251500000000000000e+03 1.002500000000000000e+03
1.258500000000000000e+03 1.250000000000000000e+01
1.260500000000000000e+03 1.776500000000000000e+03
1.266500000000000000e+03 2.905000000000000000e+02
1.271500000000000000e+03 1.132500000000000000e+03
1.273500000000000000e+03 1.231500000000000000e+03
1.273500000000000000e+03 1.305500000000000000e+03
1.283500000000000000e+03 1.938500000000000000e+03
1.284500000000000000e+03 9.565000000000000000e+02
1.297500000000000000e+03 4.595000000000000000e+02
1.312500000000000000e+03 1.734500000000000000e+03
1.313500000000000000e+03 2.016500000000000000e+03
1.324500000000000000e+03 4.305000000000000000e+02
1.324500000000000000e+03 1.799500000000000000e+03
1.332500000000000000e+03 1.833500000000000000e+03
1.345500000000000000e+03 3.725000000000000000e+02
1.359500000000000000e+03 1.027500000000000000e+03
1.360500000000000000e+03 1.114500000000000000e+03
1.361500000000000000e+03 1.093500000000000000e+03
1.362500000000000000e+03 1.596500000000000000e+03
1.368500000000000000e+03 1.478500000000000000e+03
1.373500000000000000e+03 1.358500000000000000e+03
1.375500000000000000e+03 8.745000000000000000e+02
1.387500000000000000e+03 7.835000000000000000e+02
1.394500000000000000e+03 1.195000000000000000e+02
1.397500000000000000e+03 1.664500000000000000e+03
1.399500000000000000e+03 9.935000000000000000e+02
1.402500000000000000e+03 1.042500000000000000e+03
1.410500000000000000e+03 1.197500000000000000e+03
1.414500000000000000e+03 3.655000000000000000e+02
1.418500000000000000e+03 6.345000000000000000e+02
1.422500000000000000e+03 1.229500000000000000e+03
1.425500000000000000e+03 1.450000000000000000e+01
1.430500000000000000e+03 1.751500000000000000e+03
1.436500000000000000e+03 4.945000000000000000e+02
1.437500000000000000e+03 1.490500000000000000e+03
1.445500000000000000e+03 1.048500000000000000e+03
1.462500000000000000e+03 1.155500000000000000e+03
1.464500000000000000e+03 1.745500000000000000e+03
1.486500000000000000e+03 1.765000000000000000e+02
1.494500000000000000e+03 1.099500000000000000e+03
1.495500000000000000e+03 1.756500000000000000e+03
1.511500000000000000e+03 1.543500000000000000e+03
1.523500000000000000e+03 1.593500000000000000e+03
1.527500000000000000e+03 7.550000000000000000e+01
1.535500000000000000e+03 1.507500000000000000e+03
1.536500000000000000e+03 6.235000000000000000e+02
1.539500000000000000e+03 4.285000000000000000e+02
1.540500000000000000e+03 2.031500000000000000e+03
1.545500000000000000e+03 1.806500000000000000e+03
1.551500000000000000e+03 1.274500000000000000e+03
1.563500000000000000e+03 4.485000000000000000e+02
1.567500000000000000e+03 1.522500000000000000e+03
1.575500000000000000e+03 1.492500000000000000e+03
1.585500000000000000e+03 3.175000000000000000e+02
1.588500000000000000e+03 6.995000000000000000e+02
1.591500000000000000e+03 2.040500000000000000e+03
1.596500000000000000e+03 2.745000000000000000e+02
1.601500000000000000e+03 4.715000000000000000e+02
1.633500000000000000e+03 1.544500000000000000e+03
1.636500000000000000e+03 9.225000000000000000e+02
1.636500000000000000e+03 1.560500000000000000e+03
1.648500000000000000e+03 1.505000000000000000e+02
1.649500000000000000e+03 1.054500000000000000e+03
1.656500000000000000e+03 1.879500000000000000e+03
1.665500000000000000e+03 3.375000000000000000e+02
1.673500000000000000e+03 2.765000000000000000e+02
1.673500000000000000e+03 5.655000000000000000e+02
1.675500000000000000e+03 1.883500000000000000e+03
1.684500000000000000e+03 5.850000000000000000e+01
1.685500000000000000e+03 1.177500000000000000e+03
1.695500000000000000e+03 2.205000000000000000e+02
1.696500000000000000e+03 4.275000000000000000e+02
1.699500000000000000e+03 1.633500000000000000e+03
1.703500000000000000e+03 1.832500000000000000e+03
1.707500000000000000e+03 1.217500000000000000e+03
1.710500000000000000e+03 5.150000000000000000e+01
1.710500000000000000e+03 2.445000000000000000e+02
1.712500000000000000e+03 2.026500000000000000e+03
1.725500000000000000e+03 1.081500000000000000e+03
1.727500000000000000e+03 9.165000000000000000e+02
1.732500000000000000e+03 3.765000000000000000e+02
1.732500000000000000e+03 5.625000000000000000e+02
1.732500000000000000e+03 7.235000000000000000e+02
1.732500000000000000e+03 1.784500000000000000e+03
1.745500000000000000e+03 2.525000000000000000e+02
1.745500000000000000e+03 8.605000000000000000e+02
1.746500000000000000e+03 1.213500000000000000e+03
1.754500000000000000e+03 3.105000000000000000e+02
1.757500000000000000e+03 5.725000000000000000e+02
1.762500000000000000e+03 1.225500000000000000e+03
1.764500000000000000e+03 7.595000000000000000e+02
1.766500000000000000e+03 1.285500000000000000e+03
1.782500000000000000e+03 1.323500000000000000e+03
1.785500000000000000e+03 5.785000000000000000e+02
1.791500000000000000e+03 1.647500000000000000e+03
1.798500000000000000e+03 9.065000000000000000e+02
1.802500000000000000e+03 1.981500000000000000e+03
1.803500000000000000e+03 1.967500000000000000e+03
1.816500000000000000e+03 3.805000000000000000e+02
1.818500000000000000e+03 1.542500000000000000e+03
1.819500000000000000e+03 9.185000000000000000e+02
1.832500000000000000e+03 2.245000000000000000e+02
1.833500000000000000e+03 8.275000000000000000e+02
1.840500000000000000e+03 1.125500000000000000e+03
1.844500000000000000e+03 2.450000000000000000e+01
1.845500000000000000e+03 2.047500000000000000e+03
1.863500000000000000e+03 1.403500000000000000e+03
1.865500000000000000e+03 1.908500000000000000e+03
1.871500000000000000e+03 1.484500000000000000e+03
1.879500000000000000e+03 7.050000000000000000e+01
1.879500000000000000e+03 1.935500000000000000e+03
1.881500000000000000e+03 1.028500000000000000e+03
1.889500000000000000e+03 1.761500000000000000e+03
1.890500000000000000e+03 1.832500000000000000e+03
1.894500000000000000e+03 1.838500000000000000e+03
1.908500000000000000e+03 1.280500000000000000e+03
1.912500000000000000e+03 4.585000000000000000e+02
1.913500000000000000e+03 1.326500000000000000e+03
1.913500000000000000e+03 1.402500000000000000e+03
1.917500000000000000e+03 1.469500000000000000e+03
1.935500000000000000e+03 1.042500000000000000e+03
1.939500000000000000e+03 6.845000000000000000e+02
1.942500000000000000e+03 1.862500000000000000e+03
1.951500000000000000e+03 7.755000000000000000e+02
1.955500000000000000e+03 1.237500000000000000e+03
1.958500000000000000e+03 6.625000000000000000e+02
1.963500000000000000e+03 2.000500000000000000e+03
1.968500000000000000e+03 7.155000000000000000e+02
1.969500000000000000e+03 1.911500000000000000e+03
1.969500000000000000e+03 2.000500000000000000e+03
1.975500000000000000e+03 5.765000000000000000e+02
1.977500000000000000e+03 1.853500000000000000e+03
1.978500000000000000e+03 4.195000000000000000e+02
1.985500000000000000e+03 2.365000000000000000e+02
1.997500000000000000e+03 1.321500000000000000e+03
2.005500000000000000e+03 5.055000000000000000e+02
2.007500000000000000e+03 7.115000000000000000e+02
2.008500000000000000e+03 1.806500000000000000e+03
2.016500000000000000e+03 2.235000000000000000e+02
2.016500000000000000e+03 5.355000000000000000e+02
2.017500000000000000e+03 1.441500000000000000e+03
2.027500000000000000e+03 2.006500000000000000e+03
2.032500000000000000e+03 1.334500000000000000e+03
2.033500000000000000e+03 1.162500000000000000e+03
2.036500000000000000e+03 1.787500000000000000e+03
2.040500000000000000e+03 6.775000000000000000e+02
2.044500000000000000e+03 9.475000000000000000e+02
