392.5 1757.5 478.5 1789.5
483.5 759.5 547.5 729.5
547.5 729.5 640.5 730.5
853.5 314.5 772.5 242.5
1953.5 1442.5 1919.5 1566.5
1407.5 177.5 1266.5 217.5
1932.5 722.5 1906.5 578.5
1906.5 578.5 1763.5 558.5
389.5 286.5 482.5 180.5
330.5 1164.5 211.5 1075.5
904.5 307.5 917.5 460.5
1044.5 546.5 1202.5 514.5
1456.5 766.5 1453.5 617.5
1247.5 1437.5 1147.5 1308.5
1091.5 1327.5 1163.5 1290.5
924.5 41.5 886.5 173.5
601.5 901.5 526.5 756.5
1114.5 1953.5 1024.5 2075.5
336.5 1632.5 228.5 1546.5
640.5 730.5 601.5 901.5
1763.5 558.5 1616.5 458.5
924.5 2089.5 999.5 1942.5
1326.5 2004.5 1362.5 2181.5
785.5 2211.5 780.5 2046.5
1400.5 1693.5 1382.5 1879.5
1969.5 1870.5 1973.5 2060.5
370.5 502.5 368.5 318.5
1568.5 476.5 1494.5 655.5
1999.5 650.5 1956.5 810.5
439.5 1917.5 392.5 1757.5
1311.5 1752.5 1353.5 1565.5
1771.5 1436.5 1953.5 1442.5
1481.5 227.5 1489.5 239.5
335.5 1613.5 336.5 1632.5
1983.5 476.5 2007.5 486.5
483.5 759.5 455.5 758.5
1244.5 1121.5 1281.5 1122.5
368.5 318.5 389.5 286.5
526.5 756.5 483.5 759.5
1050.5 642.5 1034.5 600.5
1616.5 458.5 1568.5 476.5
985.5 1508.5 1005.5 1556.5
1202.5 514.5 1191.5 566.5
1090.5 952.5 1129.5 990.5
1973.5 2060.5 1917.5 2043.5
1147.5 1308.5 1091.5 1327.5
1362.5 133.5 1407.5 177.5
1087.5 1865.5 1116.5 1809.5
1274.5 1370.5 1247.5 1437.5
963.5 264.5 904.5 307.5
847.5 1338.5 803.5 1398.5
697.5 682.5 640.5 730.5
2049.5 1125.5 1974.5 1136.5
857.5 515.5 878.5 441.5
1919.5 1566.5 1884.5 1496.5
1456.5 766.5 1487.5 840.5
1116.5 1809.5 1114.5 1728.5
1001.5 475.5 1044.5 546.5
917.5 460.5 1001.5 475.5
1407.5 177.5 1481.5 227.5
1792.5 240.5 1873.5 279.5
1956.5 810.5 1932.5 722.5
1087.5 1865.5 1114.5 1953.5
417.5 1381.5 326.5 1397.5
856.5 1208.5 804.5 1125.5
1024.5 2075.5 924.5 2089.5
1353.5 1565.5 1456.5 1585.5
236.5 1908.5 133.5 1876.5
162.5 1745.5 84.5 1670.5
1771.5 1436.5 1747.5 1330.5
392.5 1757.5 282.5 1791.5
1259.5 2098.5 1326.5 2004.5
999.5 1942.5 1087.5 1865.5
1494.5 655.5 1456.5 766.5
886.5 173.5 963.5 264.5
1873.5 279.5 1805.5 377.5
370.5 502.5 258.5 548.5
1773.5 494.5 1805.5 377.5
1456.5 1585.5 1400.5 1693.5
282.5 1791.5 236.5 1908.5
228.5 1546.5 335.5 1613.5
660.5 2006.5 780.5 2046.5
1487.5 840.5 1494.5 967.5
1884.5 1496.5 1771.5 1436.5
162.5 1745.5 282.5 1791.5
878.5 441.5 853.5 314.5
856.5 1208.5 847.5 1338.5
660.5 2006.5 547.5 1941.5
197.5 1416.5 326.5 1397.5
482.5 180.5 457.5 51.5
1129.5 2155.5 1024.5 2075.5
228.5 1546.5 197.5 1416.5
457.5 51.5 581.5 101.5
133.5 1876.5 162.5 1745.5
1163.5 1290.5 1274.5 1370.5
336.5 1632.5 392.5 1757.5
1382.5 1879.5 1326.5 2004.5
1805.5 377.5 1792.5 240.5
1353.5 1565.5 1215.5 1574.5
732.5 950.5 601.5 901.5
2123.5 584.5 1999.5 650.5
1215.5 1574.5 1247.5 1437.5
1847.5 514.5 1983.5 476.5
803.5 1398.5 665.5 1367.5
1129.5 107.5 1259.5 50.5
1598.5 1586.5 1456.5 1585.5
1805.5 377.5 1847.5 514.5
431.5 370.5 370.5 502.5
1382.5 1879.5 1311.5 1752.5
601.5 221.5 580.5 365.5
529.5 1475.5 417.5 1381.5
639.5 1861.5 660.5 2006.5
580.5 365.5 431.5 370.5
780.5 2046.5 924.5 2089.5
1229.5 366.5 1202.5 514.5
417.5 1381.5 500.5 1255.5
2007.5 486.5 2123.5 584.5
1229.5 366.5 1266.5 217.5
1191.5 566.5 1050.5 642.5
1616.5 458.5 1773.5 494.5
581.5 2149.5 660.5 2006.5
1247.5 1437.5 1353.5 1565.5
626.5 113.5 785.5 163.5
804.5 1125.5 952.5 1048.5
282.5 1791.5 336.5 1632.5
2141.5 2062.5 1973.5 2060.5
952.5 1048.5 1090.5 952.5
978.5 1089.5 856.5 1208.5
772.5 242.5 601.5 221.5
665.5 1367.5 529.5 1475.5
1244.5 1121.5 1129.5 990.5
1266.5 217.5 1129.5 107.5
478.5 1789.5 639.5 1861.5
326.5 1397.5 228.5 1546.5
1129.5 990.5 978.5 1089.5
1917.5 2043.5 1969.5 1870.5
547.5 1941.5 457.5 2099.5
1453.5 617.5 1568.5 476.5
422.5 1090.5 500.5 1255.5
457.5 2099.5 439.5 1917.5
1114.5 1728.5 1215.5 1574.5
258.5 548.5 75.5 584.5
1163.5 1290.5 1244.5 1121.5
804.5 1125.5 732.5 950.5
1858.5 972.5 1956.5 810.5
84.5 1670.5 228.5 1546.5
93.5 2062.5 133.5 1876.5
780.5 2046.5 626.5 2161.5
211.5 1075.5 326.5 921.5
500.5 1255.5 330.5 1164.5
1969.5 1870.5 1812.5 1758.5
1291.5 885.5 1129.5 990.5
326.5 921.5 422.5 1090.5
1034.5 600.5 857.5 515.5
2007.5 486.5 2156.5 358.5
1114.5 1728.5 1311.5 1752.5
500.5 1255.5 665.5 1367.5
