330.5 1164.5 211.5 1075.5
1456.5 766.5 1453.5 617.5
1326.5 2004.5 1362.5 2181.5
1400.5 1693.5 1382.5 1879.5
1999.5 650.5 1956.5 810.5
1090.5 952.5 1291.5 885.5
547.5 729.5 697.5 682.5
1747.5 1330.5 1953.5 1442.5
780.5 2046.5 999.5 1942.5
1932.5 722.5 1763.5 558.5
1281.5 1122.5 1274.5 1370.5
1598.5 1586.5 1400.5 1693.5
843.5 1705.5 985.5 1508.5
639.5 1861.5 780.5 2046.5
1858.5 972.5 2049.5 1125.5
1494.5 655.5 1487.5 840.5
580.5 365.5 370.5 502.5
665.5 1367.5 804.5 1125.5
697.5 682.5 732.5 950.5
370.5 502.5 547.5 729.5
197.5 1416.5 330.5 1164.5
1489.5 239.5 1229.5 366.5
1616.5 458.5 1792.5 240.5
529.5 1475.5 336.5 1632.5
1953.5 1442.5 2132.5 1670.5
457.5 2099.5 236.5 1908.5
336.5 1632.5 478.5 1789.5
878.5 441.5 580.5 365.5
389.5 286.5 457.5 51.5
1919.5 1566.5 1969.5 1870.5
1481.5 227.5 1489.5 239.5
368.5 318.5 389.5 286.5
1050.5 642.5 1034.5 600.5
1362.5 133.5 1407.5 177.5
2049.5 1125.5 1974.5 1136.5
857.5 515.5 878.5 441.5
1919.5 1566.5 1884.5 1496.5
1407.5 177.5 1481.5 227.5
1956.5 810.5 1932.5 722.5
1487.5 840.5 1494.5 967.5
1884.5 1496.5 1771.5 1436.5
228.5 1546.5 197.5 1416.5
1382.5 1879.5 1326.5 2004.5
732.5 950.5 601.5 901.5
2123.5 584.5 1999.5 650.5
803.5 1398.5 665.5 1367.5
1229.5 366.5 1202.5 514.5
1191.5 566.5 1050.5 642.5
2141.5 2062.5 1973.5 2060.5
952.5 1048.5 1090.5 952.5
665.5 1367.5 529.5 1475.5
478.5 1789.5 639.5 1861.5
1917.5 2043.5 1969.5 1870.5
1453.5 617.5 1568.5 476.5
422.5 1090.5 500.5 1255.5
258.5 548.5 75.5 584.5
804.5 1125.5 732.5 950.5
1858.5 972.5 1956.5 810.5
84.5 1670.5 228.5 1546.5
211.5 1075.5 326.5 921.5
1969.5 1870.5 1812.5 1758.5
1034.5 600.5 857.5 515.5
500.5 1255.5 665.5 1367.5
1974.5 1136.5 1858.5 972.5
1291.5 885.5 1456.5 766.5
326.5 921.5 455.5 758.5
236.5 1908.5 93.5 2062.5
985.5 1508.5 803.5 1398.5
1.5 1125.5 211.5 1075.5
1534.5 1368.5 1747.5 1330.5
1812.5 1758.5 1919.5 1566.5
1698.5 2064.5 1917.5 2043.5
1771.5 1436.5 1598.5 1586.5
857.5 515.5 697.5 682.5
2132.5 1670.5 1919.5 1566.5
732.5 950.5 952.5 1048.5
1792.5 2288.5 1698.5 2064.5
1568.5 476.5 1489.5 239.5
1489.5 239.5 1616.5 458.5
639.5 1861.5 843.5 1705.5
1969.5 1870.5 2132.5 1670.5
1274.5 1370.5 1534.5 1368.5
601.5 901.5 422.5 1090.5
108.5 358.5 368.5 318.5
1494.5 967.5 1281.5 1122.5
1453.5 617.5 1191.5 566.5
1202.5 514.5 1453.5 617.5
1812.5 1758.5 1598.5 1586.5
999.5 1942.5 843.5 1705.5
1973.5 2060.5 1873.5 2327.5
1763.5 558.5 1494.5 655.5
455.5 758.5 258.5 548.5
1953.5 1442.5 2245.5 1416.5
1873.5 279.5 2156.5 358.5
1747.5 1330.5 1974.5 1136.5
1481.5 227.5 1698.5 16.5
1489.5 239.5 1792.5 240.5
1974.5 1136.5 1953.5 1442.5
843.5 1705.5 803.5 1398.5
