1400.5 1693.5 1382.5 1879.5
1932.5 722.5 1763.5 558.5
1598.5 1586.5 1400.5 1693.5
1494.5 655.5 1487.5 840.5
697.5 682.5 732.5 950.5
389.5 286.5 457.5 51.5
1956.5 810.5 2049.5 1125.5
1858.5 972.5 1932.5 722.5
1050.5 642.5 697.5 682.5
457.5 2099.5 93.5 2062.5
1747.5 1330.5 1858.5 972.5
326.5 921.5 258.5 548.5
2123.5 584.5 1956.5 810.5
108.5 358.5 389.5 286.5
1487.5 840.5 1858.5 972.5
952.5 1048.5 1090.5 952.5
478.5 1789.5 639.5 1861.5
258.5 548.5 75.5 584.5
211.5 1075.5 326.5 921.5
1.5 1125.5 211.5 1075.5
1534.5 1368.5 1747.5 1330.5
732.5 950.5 952.5 1048.5
639.5 1861.5 843.5 1705.5
1494.5 967.5 1281.5 1122.5
1812.5 1758.5 1598.5 1586.5
1763.5 558.5 1494.5 655.5
1090.5 952.5 1050.5 642.5
529.5 1475.5 478.5 1789.5
1698.5 2064.5 1812.5 1758.5
2141.5 14.5 2156.5 358.5
1281.5 1122.5 1534.5 1368.5
1858.5 972.5 1494.5 967.5
1382.5 1879.5 1698.5 2064.5
843.5 1705.5 529.5 1475.5
