368.5 318.5 431.5 370.5 370.5 502.5
1129.5 2155.5 1024.5 2075.5 1114.5 1953.5
1489.5 239.5 1698.5 16.5 1792.5 240.5
368.5 318.5 108.5 358.5 389.5 286.5
857.5 515.5 878.5 441.5 917.5 460.5
526.5 756.5 483.5 759.5 547.5 729.5
1487.5 840.5 1494.5 655.5 1763.5 558.5
1956.5 810.5 2123.5 584.5 2374.5 921.5
483.5 759.5 455.5 758.5 547.5 729.5
856.5 1208.5 804.5 1125.5 978.5 1089.5
1858.5 972.5 1956.5 810.5 2049.5 1125.5
1747.5 1330.5 1494.5 967.5 1858.5 972.5
331.5 1103.5 211.5 1075.5 326.5 921.5
1456.5 1585.5 1534.5 1368.5 1598.5 1586.5
228.5 1546.5 326.5 1397.5 335.5 1613.5
1969.5 1870.5 1812.5 1758.5 1919.5 1566.5
228.5 1546.5 197.5 1416.5 326.5 1397.5
1005.5 1556.5 1215.5 1574.5 1114.5 1728.5
1489.5 239.5 1266.5 217.5 1407.5 177.5
1812.5 1758.5 1598.5 1586.5 1919.5 1566.5
389.5 286.5 108.5 358.5 93.5 14.5
878.5 441.5 853.5 314.5 904.5 307.5
526.5 756.5 547.5 729.5 571.5 756.5
370.5 502.5 580.5 365.5 547.5 729.5
601.5 901.5 526.5 756.5 571.5 756.5
370.5 502.5 455.5 758.5 258.5 548.5
660.5 2006.5 639.5 1861.5 780.5 2046.5
1382.5 1879.5 1116.5 1809.5 1311.5 1752.5
1163.5 1290.5 1091.5 1327.5 978.5 1089.5
1974.5 1136.5 1858.5 972.5 2049.5 1125.5
547.5 729.5 455.5 758.5 370.5 502.5
1034.5 600.5 857.5 515.5 1001.5 475.5
963.5 264.5 904.5 307.5 886.5 173.5
878.5 441.5 857.5 515.5 580.5 365.5
963.5 264.5 1024.5 27.5 1129.5 107.5
2156.5 358.5 1973.5 12.5 2141.5 14.5
457.5 2099.5 439.5 1917.5 547.5 1941.5
785.5 163.5 810.5 143.5 886.5 173.5
782.5 234.5 772.5 242.5 785.5 163.5
1020.5 2004.5 924.5 2089.5 999.5 1942.5
868.5 104.5 924.5 41.5 886.5 173.5
1114.5 1953.5 1326.5 2004.5 1259.5 2098.5
601.5 901.5 571.5 756.5 640.5 730.5
878.5 441.5 580.5 365.5 853.5 314.5
422.5 1090.5 326.5 921.5 601.5 901.5
75.5 584.5 258.5 548.5 326.5 921.5
1983.5 476.5 1959.5 597.5 1906.5 578.5
336.5 1632.5 478.5 1789.5 392.5 1757.5
335.5 1613.5 326.5 1397.5 417.5 1381.5
2141.5 2062.5 1969.5 1870.5 2181.5 1876.5
2049.5 1125.5 1956.5 810.5 2259.5 1075.5
84.5 1670.5 162.5 1745.5 133.5 1876.5
84.5 1670.5 228.5 1546.5 162.5 1745.5
236.5 1908.5 439.5 1917.5 457.5 2099.5
336.5 1632.5 162.5 1745.5 228.5 1546.5
999.5 1942.5 780.5 2046.5 843.5 1705.5
1534.5 1368.5 1353.5 1565.5 1274.5 1370.5
547.5 1941.5 455.5 1810.5 478.5 1789.5
847.5 1338.5 985.5 1508.5 803.5 1398.5
1215.5 1574.5 1005.5 1556.5 985.5 1508.5
856.5 1208.5 1091.5 1327.5 847.5 1338.5
1353.5 1565.5 1534.5 1368.5 1456.5 1585.5
1353.5 1565.5 1215.5 1574.5 1247.5 1437.5
985.5 1508.5 1091.5 1327.5 1247.5 1437.5
1020.5 2004.5 1114.5 1953.5 1024.5 2075.5
1087.5 1865.5 1116.5 1809.5 1114.5 1953.5
1919.5 1566.5 1884.5 1496.5 1953.5 1442.5
1494.5 967.5 1534.5 1368.5 1281.5 1122.5
1291.5 885.5 1191.5 566.5 1456.5 766.5
1568.5 476.5 1229.5 366.5 1489.5 239.5
1487.5 840.5 1291.5 885.5 1456.5 766.5
1453.5 617.5 1568.5 476.5 1494.5 655.5
1999.5 650.5 1959.5 597.5 2123.5 584.5
1805.5 377.5 1792.5 240.5 1873.5 279.5
1847.5 514.5 1773.5 494.5 1805.5 377.5
1805.5 377.5 1616.5 458.5 1792.5 240.5
1489.5 239.5 1229.5 366.5 1266.5 217.5
1202.5 514.5 1001.5 475.5 1229.5 366.5
1456.5 766.5 1191.5 566.5 1453.5 617.5
1044.5 546.5 1001.5 475.5 1202.5 514.5
1616.5 458.5 1489.5 239.5 1792.5 240.5
1481.5 227.5 1698.5 16.5 1489.5 239.5
1407.5 177.5 1698.5 16.5 1481.5 227.5
1382.5 1879.5 1311.5 1752.5 1400.5 1693.5
1698.5 2064.5 1917.5 2043.5 1792.5 2288.5
1983.5 476.5 1906.5 578.5 1847.5 514.5
1792.5 2288.5 1917.5 2043.5 1873.5 2327.5
482.5 180.5 389.5 286.5 457.5 51.5
336.5 1632.5 282.5 1791.5 162.5 1745.5
581.5 2149.5 457.5 2099.5 547.5 1941.5
93.5 2062.5 236.5 1908.5 457.5 2099.5
431.5 370.5 481.5 252.5 580.5 365.5
481.5 252.5 601.5 221.5 580.5 365.5
482.5 180.5 457.5 51.5 581.5 101.5
481.5 252.5 482.5 180.5 601.5 221.5
481.5 252.5 389.5 286.5 482.5 180.5
601.5 221.5 482.5 180.5 581.5 101.5
780.5 2046.5 810.5 2191.5 785.5 2211.5
601.5 221.5 581.5 101.5 626.5 113.5
810.5 143.5 868.5 104.5 886.5 173.5
924.5 41.5 1024.5 27.5 886.5 173.5
810.5 2191.5 780.5 2046.5 868.5 2152.5
999.5 1942.5 843.5 1705.5 1087.5 1865.5
904.5 307.5 853.5 314.5 886.5 173.5
785.5 2211.5 626.5 2161.5 780.5 2046.5
782.5 234.5 785.5 163.5 886.5 173.5
601.5 221.5 626.5 113.5 785.5 163.5
853.5 314.5 782.5 234.5 886.5 173.5
772.5 242.5 601.5 221.5 785.5 163.5
853.5 314.5 772.5 242.5 782.5 234.5
580.5 365.5 601.5 221.5 772.5 242.5
1001.5 475.5 917.5 460.5 904.5 307.5
580.5 365.5 772.5 242.5 853.5 314.5
917.5 460.5 878.5 441.5 904.5 307.5
857.5 515.5 697.5 682.5 580.5 365.5
1044.5 546.5 1034.5 600.5 1001.5 475.5
580.5 365.5 697.5 682.5 547.5 729.5
1001.5 475.5 857.5 515.5 917.5 460.5
601.5 901.5 640.5 730.5 732.5 950.5
640.5 730.5 547.5 729.5 697.5 682.5
732.5 950.5 640.5 730.5 697.5 682.5
571.5 756.5 547.5 729.5 640.5 730.5
422.5 1090.5 601.5 901.5 732.5 950.5
326.5 921.5 455.5 758.5 601.5 901.5
601.5 901.5 483.5 759.5 526.5 756.5
601.5 901.5 455.5 758.5 483.5 759.5
326.5 921.5 258.5 548.5 455.5 758.5
370.5 502.5 431.5 370.5 580.5 365.5
370.5 502.5 258.5 548.5 368.5 318.5
457.5 51.5 389.5 286.5 93.5 14.5
481.5 252.5 431.5 370.5 389.5 286.5
431.5 370.5 368.5 318.5 389.5 286.5
2156.5 358.5 1873.5 279.5 1973.5 12.5
258.5 548.5 108.5 358.5 368.5 318.5
258.5 548.5 75.5 584.5 108.5 358.5
1932.5 722.5 1999.5 650.5 1956.5 810.5
1959.5 597.5 2007.5 486.5 2123.5 584.5
197.5 1416.5 211.5 1075.5 330.5 1164.5
1956.5 810.5 2374.5 921.5 2259.5 1075.5
422.5 1090.5 331.5 1103.5 326.5 921.5
330.5 1164.5 211.5 1075.5 331.5 1103.5
804.5 1125.5 500.5 1255.5 732.5 950.5
500.5 1255.5 330.5 1164.5 422.5 1090.5
843.5 1705.5 529.5 1475.5 803.5 1398.5
330.5 1164.5 331.5 1103.5 422.5 1090.5
326.5 1397.5 330.5 1164.5 417.5 1381.5
326.5 1397.5 197.5 1416.5 330.5 1164.5
1919.5 1566.5 1953.5 1442.5 2132.5 1670.5
1.5 1125.5 211.5 1075.5 197.5 1416.5
1953.5 1442.5 2049.5 1125.5 2245.5 1416.5
336.5 1632.5 228.5 1546.5 335.5 1613.5
84.5 1670.5 197.5 1416.5 228.5 1546.5
2141.5 2062.5 1973.5 2060.5 1969.5 1870.5
133.5 1876.5 236.5 1908.5 93.5 2062.5
133.5 1876.5 162.5 1745.5 282.5 1791.5
547.5 1941.5 439.5 1917.5 455.5 1810.5
439.5 1917.5 236.5 1908.5 282.5 1791.5
439.5 1917.5 282.5 1791.5 392.5 1757.5
236.5 1908.5 133.5 1876.5 282.5 1791.5
529.5 1475.5 478.5 1789.5 336.5 1632.5
455.5 1810.5 439.5 1917.5 392.5 1757.5
529.5 1475.5 336.5 1632.5 335.5 1613.5
392.5 1757.5 282.5 1791.5 336.5 1632.5
417.5 1381.5 529.5 1475.5 335.5 1613.5
665.5 1367.5 500.5 1255.5 804.5 1125.5
392.5 1757.5 478.5 1789.5 455.5 1810.5
529.5 1475.5 843.5 1705.5 639.5 1861.5
639.5 1861.5 547.5 1941.5 478.5 1789.5
660.5 2006.5 581.5 2149.5 547.5 1941.5
868.5 2152.5 780.5 2046.5 924.5 2089.5
626.5 2161.5 660.5 2006.5 780.5 2046.5
581.5 2149.5 660.5 2006.5 626.5 2161.5
547.5 1941.5 639.5 1861.5 660.5 2006.5
529.5 1475.5 639.5 1861.5 478.5 1789.5
843.5 1705.5 780.5 2046.5 639.5 1861.5
843.5 1705.5 803.5 1398.5 985.5 1508.5
529.5 1475.5 417.5 1381.5 500.5 1255.5
985.5 1508.5 847.5 1338.5 1091.5 1327.5
803.5 1398.5 665.5 1367.5 847.5 1338.5
529.5 1475.5 665.5 1367.5 803.5 1398.5
500.5 1255.5 422.5 1090.5 732.5 950.5
529.5 1475.5 500.5 1255.5 665.5 1367.5
417.5 1381.5 330.5 1164.5 500.5 1255.5
697.5 682.5 1050.5 642.5 732.5 950.5
1129.5 990.5 1090.5 952.5 1291.5 885.5
665.5 1367.5 804.5 1125.5 856.5 1208.5
1494.5 967.5 1281.5 1122.5 1291.5 885.5
665.5 1367.5 856.5 1208.5 847.5 1338.5
804.5 1125.5 952.5 1048.5 978.5 1089.5
732.5 950.5 952.5 1048.5 804.5 1125.5
1050.5 642.5 697.5 682.5 857.5 515.5
856.5 1208.5 978.5 1089.5 1091.5 1327.5
978.5 1089.5 1129.5 990.5 1244.5 1121.5
978.5 1089.5 1244.5 1121.5 1163.5 1290.5
1090.5 952.5 952.5 1048.5 732.5 950.5
1163.5 1290.5 1281.5 1122.5 1274.5 1370.5
1244.5 1121.5 1291.5 885.5 1281.5 1122.5
1147.5 1308.5 1163.5 1290.5 1274.5 1370.5
1281.5 1122.5 1163.5 1290.5 1244.5 1121.5
1274.5 1370.5 1247.5 1437.5 1147.5 1308.5
1091.5 1327.5 1147.5 1308.5 1247.5 1437.5
1091.5 1327.5 1163.5 1290.5 1147.5 1308.5
843.5 1705.5 1005.5 1556.5 1114.5 1728.5
843.5 1705.5 985.5 1508.5 1005.5 1556.5
1114.5 1953.5 999.5 1942.5 1087.5 1865.5
924.5 2089.5 780.5 2046.5 999.5 1942.5
924.5 2089.5 1020.5 2004.5 1024.5 2075.5
999.5 1942.5 1114.5 1953.5 1020.5 2004.5
1114.5 1728.5 1116.5 1809.5 1087.5 1865.5
1087.5 1865.5 843.5 1705.5 1114.5 1728.5
1259.5 2098.5 1326.5 2004.5 1362.5 2181.5
1382.5 1879.5 1114.5 1953.5 1116.5 1809.5
1247.5 1437.5 1215.5 1574.5 985.5 1508.5
1311.5 1752.5 1116.5 1809.5 1114.5 1728.5
1114.5 1728.5 1215.5 1574.5 1311.5 1752.5
1812.5 1758.5 1382.5 1879.5 1598.5 1586.5
1311.5 1752.5 1215.5 1574.5 1353.5 1565.5
1598.5 1586.5 1382.5 1879.5 1400.5 1693.5
1382.5 1879.5 1326.5 2004.5 1114.5 1953.5
1382.5 1879.5 1698.5 2064.5 1326.5 2004.5
1973.5 2060.5 1917.5 2043.5 1969.5 1870.5
2181.5 1876.5 1969.5 1870.5 2132.5 1670.5
1917.5 2043.5 1698.5 2064.5 1812.5 1758.5
1917.5 2043.5 1812.5 1758.5 1969.5 1870.5
1698.5 2064.5 1382.5 1879.5 1812.5 1758.5
1400.5 1693.5 1456.5 1585.5 1598.5 1586.5
1400.5 1693.5 1311.5 1752.5 1353.5 1565.5
1969.5 1870.5 1919.5 1566.5 2132.5 1670.5
1953.5 1442.5 1974.5 1136.5 2049.5 1125.5
1598.5 1586.5 1884.5 1496.5 1919.5 1566.5
1771.5 1436.5 1534.5 1368.5 1747.5 1330.5
1274.5 1370.5 1353.5 1565.5 1247.5 1437.5
1456.5 1585.5 1400.5 1693.5 1353.5 1565.5
1274.5 1370.5 1281.5 1122.5 1534.5 1368.5
1953.5 1442.5 1747.5 1330.5 1974.5 1136.5
1771.5 1436.5 1598.5 1586.5 1534.5 1368.5
1953.5 1442.5 1771.5 1436.5 1747.5 1330.5
1884.5 1496.5 1598.5 1586.5 1771.5 1436.5
2132.5 1670.5 1953.5 1442.5 2245.5 1416.5
1884.5 1496.5 1771.5 1436.5 1953.5 1442.5
1858.5 972.5 1932.5 722.5 1956.5 810.5
1763.5 558.5 1773.5 494.5 1847.5 514.5
1956.5 810.5 1999.5 650.5 2123.5 584.5
1932.5 722.5 1959.5 597.5 1999.5 650.5
1932.5 722.5 1906.5 578.5 1959.5 597.5
1763.5 558.5 1616.5 458.5 1773.5 494.5
1932.5 722.5 1763.5 558.5 1906.5 578.5
1932.5 722.5 1487.5 840.5 1763.5 558.5
1487.5 840.5 1456.5 766.5 1494.5 655.5
1487.5 840.5 1494.5 967.5 1291.5 885.5
1932.5 722.5 1858.5 972.5 1487.5 840.5
1747.5 1330.5 1534.5 1368.5 1494.5 967.5
1747.5 1330.5 1858.5 972.5 1974.5 1136.5
1494.5 967.5 1487.5 840.5 1858.5 972.5
1244.5 1121.5 1129.5 990.5 1291.5 885.5
1050.5 642.5 1090.5 952.5 732.5 950.5
978.5 1089.5 952.5 1048.5 1090.5 952.5
1191.5 566.5 1291.5 885.5 1050.5 642.5
1129.5 990.5 978.5 1089.5 1090.5 952.5
857.5 515.5 1034.5 600.5 1050.5 642.5
1044.5 546.5 1191.5 566.5 1034.5 600.5
1191.5 566.5 1050.5 642.5 1034.5 600.5
1291.5 885.5 1090.5 952.5 1050.5 642.5
1191.5 566.5 1202.5 514.5 1453.5 617.5
1191.5 566.5 1044.5 546.5 1202.5 514.5
1456.5 766.5 1453.5 617.5 1494.5 655.5
1202.5 514.5 1229.5 366.5 1453.5 617.5
1362.5 133.5 1266.5 217.5 1259.5 50.5
1229.5 366.5 1001.5 475.5 963.5 264.5
963.5 264.5 1001.5 475.5 904.5 307.5
1024.5 27.5 963.5 264.5 886.5 173.5
1129.5 107.5 1229.5 366.5 963.5 264.5
1698.5 2064.5 1362.5 2181.5 1326.5 2004.5
1266.5 217.5 1229.5 366.5 1129.5 107.5
1129.5 107.5 1259.5 50.5 1266.5 217.5
1129.5 2155.5 1114.5 1953.5 1259.5 2098.5
1698.5 16.5 1407.5 177.5 1362.5 133.5
1407.5 177.5 1266.5 217.5 1362.5 133.5
1481.5 227.5 1489.5 239.5 1407.5 177.5
2156.5 358.5 2007.5 486.5 1983.5 476.5
1773.5 494.5 1616.5 458.5 1805.5 377.5
1494.5 655.5 1568.5 476.5 1763.5 558.5
1568.5 476.5 1489.5 239.5 1616.5 458.5
1763.5 558.5 1568.5 476.5 1616.5 458.5
1453.5 617.5 1229.5 366.5 1568.5 476.5
1873.5 279.5 2156.5 358.5 1983.5 476.5
1906.5 578.5 1763.5 558.5 1847.5 514.5
1983.5 476.5 2007.5 486.5 1959.5 597.5
2156.5 358.5 2123.5 584.5 2007.5 486.5
1805.5 377.5 1983.5 476.5 1847.5 514.5
1805.5 377.5 1873.5 279.5 1983.5 476.5
1873.5 2327.5 1917.5 2043.5 1973.5 2060.5
