1.500000000000000000e+00 1.125500000000000000e+03
7.550000000000000000e+01 5.845000000000000000e+02
8.450000000000000000e+01 1.670500000000000000e+03
9.350000000000000000e+01 1.450000000000000000e+01
1.085000000000000000e+02 3.585000000000000000e+02
1.335000000000000000e+02 1.876500000000000000e+03
1.625000000000000000e+02 1.745500000000000000e+03
1.975000000000000000e+02 1.416500000000000000e+03
2.115000000000000000e+02 1.075500000000000000e+03
2.285000000000000000e+02 1.546500000000000000e+03
2.365000000000000000e+02 1.908500000000000000e+03
2.585000000000000000e+02 5.485000000000000000e+02
2.825000000000000000e+02 1.791500000000000000e+03
3.265000000000000000e+02 9.215000000000000000e+02
3.265000000000000000e+02 1.397500000000000000e+03
3.305000000000000000e+02 1.164500000000000000e+03
3.315000000000000000e+02 1.103500000000000000e+03
3.355000000000000000e+02 1.613500000000000000e+03
3.365000000000000000e+02 1.632500000000000000e+03
3.685000000000000000e+02 3.185000000000000000e+02
3.705000000000000000e+02 5.025000000000000000e+02
3.895000000000000000e+02 2.865000000000000000e+02
3.925000000000000000e+02 1.757500000000000000e+03
4.175000000000000000e+02 1.381500000000000000e+03
4.225000000000000000e+02 1.090500000000000000e+03
4.315000000000000000e+02 3.705000000000000000e+02
4.395000000000000000e+02 1.917500000000000000e+03
4.555000000000000000e+02 7.585000000000000000e+02
4.555000000000000000e+02 1.810500000000000000e+03
4.575000000000000000e+02 5.150000000000000000e+01
4.785000000000000000e+02 1.789500000000000000e+03
4.815000000000000000e+02 2.525000000000000000e+02
4.825000000000000000e+02 1.805000000000000000e+02
4.835000000000000000e+02 7.595000000000000000e+02
5.005000000000000000e+02 1.255500000000000000e+03
5.265000000000000000e+02 7.565000000000000000e+02
5.295000000000000000e+02 1.475500000000000000e+03
5.475000000000000000e+02 7.295000000000000000e+02
5.475000000000000000e+02 1.941500000000000000e+03
5.715000000000000000e+02 7.565000000000000000e+02
5.805000000000000000e+02 3.655000000000000000e+02
5.815000000000000000e+02 1.015000000000000000e+02
6.015000000000000000e+02 2.215000000000000000e+02
6.015000000000000000e+02 9.015000000000000000e+02
6.265000000000000000e+02 1.135000000000000000e+02
6.395000000000000000e+02 1.861500000000000000e+03
6.405000000000000000e+02 7.305000000000000000e+02
6.605000000000000000e+02 2.006500000000000000e+03
6.655000000000000000e+02 1.367500000000000000e+03
6.975000000000000000e+02 6.825000000000000000e+02
7.325000000000000000e+02 9.505000000000000000e+02
7.725000000000000000e+02 2.425000000000000000e+02
7.805000000000000000e+02 2.046500000000000000e+03
7.825000000000000000e+02 2.345000000000000000e+02
7.855000000000000000e+02 1.635000000000000000e+02
8.035000000000000000e+02 1.398500000000000000e+03
8.045000000000000000e+02 1.125500000000000000e+03
8.105000000000000000e+02 1.435000000000000000e+02
8.435000000000000000e+02 1.705500000000000000e+03
8.475000000000000000e+02 1.338500000000000000e+03
8.535000000000000000e+02 3.145000000000000000e+02
8.565000000000000000e+02 1.208500000000000000e+03
8.575000000000000000e+02 5.155000000000000000e+02
8.685000000000000000e+02 1.045000000000000000e+02
8.785000000000000000e+02 4.415000000000000000e+02
8.865000000000000000e+02 1.735000000000000000e+02
9.045000000000000000e+02 3.075000000000000000e+02
9.175000000000000000e+02 4.605000000000000000e+02
9.245000000000000000e+02 4.150000000000000000e+01
9.525000000000000000e+02 1.048500000000000000e+03
9.635000000000000000e+02 2.645000000000000000e+02
9.785000000000000000e+02 1.089500000000000000e+03
9.855000000000000000e+02 1.508500000000000000e+03
9.995000000000000000e+02 1.942500000000000000e+03
1.001500000000000000e+03 4.755000000000000000e+02
1.005500000000000000e+03 1.556500000000000000e+03
1.020500000000000000e+03 2.004500000000000000e+03
1.024500000000000000e+03 2.750000000000000000e+01
1.034500000000000000e+03 6.005000000000000000e+02
1.044500000000000000e+03 5.465000000000000000e+02
1.050500000000000000e+03 6.425000000000000000e+02
1.087500000000000000e+03 1.865500000000000000e+03
1.090500000000000000e+03 9.525000000000000000e+02
1.091500000000000000e+03 1.327500000000000000e+03
1.114500000000000000e+03 1.728500000000000000e+03
1.114500000000000000e+03 1.953500000000000000e+03
1.116500000000000000e+03 1.809500000000000000e+03
1.129500000000000000e+03 1.075000000000000000e+02
1.129500000000000000e+03 9.905000000000000000e+02
1.147500000000000000e+03 1.308500000000000000e+03
1.163500000000000000e+03 1.290500000000000000e+03
1.191500000000000000e+03 5.665000000000000000e+02
1.202500000000000000e+03 5.145000000000000000e+02
1.215500000000000000e+03 1.574500000000000000e+03
1.229500000000000000e+03 3.665000000000000000e+02
1.244500000000000000e+03 1.121500000000000000e+03
1.247500000000000000e+03 1.437500000000000000e+03
1.259500000000000000e+03 5.050000000000000000e+01
1.266500000000000000e+03 2.175000000000000000e+02
1.274500000000000000e+03 1.370500000000000000e+03
1.281500000000000000e+03 1.122500000000000000e+03
1.291500000000000000e+03 8.855000000000000000e+02
1.311500000000000000e+03 1.752500000000000000e+03
1.326500000000000000e+03 2.004500000000000000e+03
1.353500000000000000e+03 1.565500000000000000e+03
1.362500000000000000e+03 1.335000000000000000e+02
1.382500000000000000e+03 1.879500000000000000e+03
1.400500000000000000e+03 1.693500000000000000e+03
1.407500000000000000e+03 1.775000000000000000e+02
1.453500000000000000e+03 6.175000000000000000e+02
1.456500000000000000e+03 7.665000000000000000e+02
1.456500000000000000e+03 1.585500000000000000e+03
1.481500000000000000e+03 2.275000000000000000e+02
1.487500000000000000e+03 8.405000000000000000e+02
1.489500000000000000e+03 2.395000000000000000e+02
1.494500000000000000e+03 6.555000000000000000e+02
1.494500000000000000e+03 9.675000000000000000e+02
1.534500000000000000e+03 1.368500000000000000e+03
1.568500000000000000e+03 4.765000000000000000e+02
1.598500000000000000e+03 1.586500000000000000e+03
1.616500000000000000e+03 4.585000000000000000e+02
1.698500000000000000e+03 1.650000000000000000e+01
1.747500000000000000e+03 1.330500000000000000e+03
1.763500000000000000e+03 5.585000000000000000e+02
1.771500000000000000e+03 1.436500000000000000e+03
1.773500000000000000e+03 4.945000000000000000e+02
1.792500000000000000e+03 2.405000000000000000e+02
1.805500000000000000e+03 3.775000000000000000e+02
1.812500000000000000e+03 1.758500000000000000e+03
1.847500000000000000e+03 5.145000000000000000e+02
1.858500000000000000e+03 9.725000000000000000e+02
1.873500000000000000e+03 2.795000000000000000e+02
1.884500000000000000e+03 1.496500000000000000e+03
1.906500000000000000e+03 5.785000000000000000e+02
1.917500000000000000e+03 2.043500000000000000e+03
1.919500000000000000e+03 1.566500000000000000e+03
1.932500000000000000e+03 7.225000000000000000e+02
1.953500000000000000e+03 1.442500000000000000e+03
1.956500000000000000e+03 8.105000000000000000e+02
1.959500000000000000e+03 5.975000000000000000e+02
1.969500000000000000e+03 1.870500000000000000e+03
1.973500000000000000e+03 1.250000000000000000e+01
1.974500000000000000e+03 1.136500000000000000e+03
1.983500000000000000e+03 4.765000000000000000e+02
1.999500000000000000e+03 6.505000000000000000e+02
2.007500000000000000e+03 4.865000000000000000e+02
