1.000267232891787102e-02
1.259254988645530475e-02
8.839329520470128737e-03
7.959700848689105213e-03
9.515152438281724093e-03
6.657146117805459035e-03
8.373761653558677853e-01
5.722982178114550261e-02
2.955094343478649813e-02
8.437211401772207534e-03
1.437321350781678962e-02
8.003864990717483030e-01
2.843143882303237127e-02
9.985515940555873132e-03
3.361725946906791995e-02
7.985734733321174783e-01
7.896734751102107985e-01
7.454630805949027418e-03
8.120746538884029420e-01
8.101867824509054739e-01
1.112469765476333406e-03
8.485244731207336466e-01
7.701545281634422091e-01
8.490603697603889000e-01
8.217649783234630412e-02
8.102518845595177988e-01
1.050994315005524329e-02
8.470648388339835355e-01
8.482714441200718269e-01
7.482766970044730792e-01
8.495241963205908409e-01
8.398282470556220902e-01
2.051414033022599948e-02
2.258641983951538076e-02
1.082634505684825291e-02
7.873037580326270879e-01
8.536170126758215737e-01
8.390355970473938330e-01
8.580075648267918575e-01
8.076323880765785557e-01
8.356097496634671273e-01
7.963342406353858260e-01
8.876781461495826253e-01
8.189250880769015639e-01
8.308586941367840373e-01
8.422128637513416338e-01
6.919417297367012713e-03
7.865842158814204677e-01
8.459564043786870213e-01
8.643204167183430320e-01
8.662485978485059412e-01
8.793390976439452444e-01
8.320602471871623163e-01
8.136281454160103621e-01
9.204797418286023714e-01
7.707045626270691008e-01
6.765622112763861606e-01
8.584609577656387991e-01
9.312944972088561535e-01
8.846802001529272541e-01
8.212277937252273619e-01
7.230480261105873829e-01
2.271386059517943937e-02
1.310829717822060373e-03
8.547727429988020154e-01
8.370670665229713592e-01
8.447434596959786379e-01
8.865880390498979136e-01
8.285570571310441057e-01
8.147964787217867322e-01
8.106768719701471504e-01
7.795810256893191958e-01
8.069616620119578476e-01
8.492664669061715799e-01
7.326959413396932908e-01
8.422175387436815486e-01
8.590645296454971769e-01
8.518863668416525314e-01
8.398842198589930863e-01
8.663296144154121192e-01
8.277884208120724896e-01
8.414945794214796493e-01
8.733630297152519262e-01
8.837598019873674771e-01
8.429441193124092013e-01
8.982075492071711631e-01
8.084672771447448669e-01
8.357624839547995732e-01
8.400368492964580547e-01
8.393220454247413143e-01
8.578617121600605744e-01
8.240152435549455978e-01
8.770803265214823785e-01
7.205292754882586248e-01
8.092747988835009565e-01
8.323087144682923544e-01
8.517185028027745020e-01
7.863866454033390241e-01
7.728420977808304615e-01
8.179961825351090843e-01
8.612138028227757092e-01
8.161570409499926404e-01
8.414542813331529203e-01
8.144782764055186197e-01
8.389892193693405664e-01
8.536884716128056994e-01
8.538511957431902388e-01
8.589268796045106402e-01
8.415526092625801313e-01
8.409774515493615432e-01
7.117507359629848818e-01
8.617849348029963386e-01
8.885692249776878660e-01
8.564276255125148340e-01
8.590057909470498743e-01
8.410076489169683311e-01
8.202062488361584469e-01
8.097415104420567777e-01
8.247290473827039170e-01
8.890674809791828670e-01
8.223368690281819271e-01
7.997304602489846426e-01
8.109174649219709208e-01
8.695215055107357038e-01
7.629664054782612226e-01
8.575337728491367884e-01
7.962884283358191428e-01
8.341679376458936979e-01
7.660629843286117513e-01
7.852994657167570169e-01
8.285014574992665137e-01
7.254937946882600297e-01
8.659611032250319473e-01
9.246735535904084813e-01
8.406113496009247621e-01
8.353491272552183711e-01
8.508593755339165510e-01
8.359615372645646802e-01
8.181378795227236544e-01
8.640885726026366065e-01
8.107214906403900079e-01
8.568317452934287592e-01
7.881415992261421311e-01
8.207698016528470752e-01
7.760573908242659469e-01
7.471932225550974582e-01
8.682046619695320544e-01
7.946416538523973783e-01
8.807935804074860098e-01
8.288488881340968506e-01
8.924217145842686660e-01
8.365148251423123460e-01
8.573961965661722751e-01
8.440576722533941201e-01
8.462911949815922208e-01
8.535357301570928312e-01
8.186650463232217900e-01
8.444760601347987006e-01
7.942298875965351224e-01
9.203215818929201264e-01
8.227275665444336861e-01
8.530234524905982996e-01
8.623906454277808775e-01
8.312609284530029230e-01
8.124212726409371088e-01
8.759519429042967875e-01
9.040262271004356753e-01
8.543981695865571213e-01
8.615604762195199218e-01
8.795733566380440349e-01
8.567068710518664920e-01
9.120018967557066425e-01
8.346701742863126272e-01
8.087274566665290099e-01
8.307326893306180571e-01
8.247602288411008953e-01
7.915845337153306627e-01
7.771608311082333076e-01
7.828667403744875575e-01
8.211143430452529923e-01
7.940168586243161464e-01
8.435833216166803705e-01
8.369879337455781165e-01
8.382504798625164399e-01
8.196192530039388968e-01
8.231034489279469568e-01
8.473342324760908539e-01
8.037422296599864291e-01
8.216413365093059307e-01
8.911848972997113982e-01
7.872470037913359420e-01
8.425205313276605823e-01
8.546287831904482157e-01
9.022622318253660234e-01
7.506753856271589642e-01
8.055901808757227611e-01
8.282673823595059215e-01
7.948448369604379504e-01
8.420311645862832428e-01
8.424156511555893623e-01
8.117120344693183887e-01
7.223244536568838026e-01
7.083643484630428588e-01
8.305815221492085509e-01
8.072826257359912994e-01
8.541671158877423009e-01
8.769113130783602328e-01
7.766119624474892014e-01
1.941713089248638287e-03
1.289811999618776942e-04
8.774368008271090646e-01
8.507545381168386545e-01
8.949062640375214928e-01
8.421407909925792135e-01
7.611364001350592323e-01
8.169999344363401139e-01
8.009081211050971261e-01
8.376863082799278493e-01
8.293276237316374866e-01
8.188461627128510445e-01
8.878111747362631423e-01
8.246561160512905220e-01
7.849936111952878770e-01
8.781595676747897539e-01
8.504487179010230546e-01
8.575805002140499678e-01
8.520087354093408560e-01
8.572758637890164346e-01
8.405679997942721027e-01
8.697878608528998301e-01
8.387867624987691562e-01
8.086663804853467807e-01
7.948925876423909020e-01
8.338198090230249937e-01
8.647928455769573475e-01
8.421822868510576710e-01
7.517484969513364979e-01
7.847670917179678796e-01
8.476465339873147098e-01
8.436160758535858895e-01
8.515133859736306876e-01
8.323138297942989094e-01
9.009452780871797239e-01
8.557376914407199830e-01
8.131920007513583348e-01
8.841535221405825151e-01
8.558949734680794119e-01
8.716057729260359155e-01
8.820654982670488309e-01
8.180870654782430584e-01
7.943642079076961293e-01
8.412446952369143638e-01
8.569295089874046090e-01
8.091358098150329692e-01
8.584350229346058292e-01
8.200587084265404947e-01
8.488417761318423072e-01
8.276460132819751792e-01
8.256979242250980233e-01
7.964134083657424812e-01
8.435417959002066146e-01
8.030415279850293686e-01
8.247193464319052536e-01
8.400526555710268184e-01
8.368012961100403935e-01
7.924581947169286877e-01
8.462974679469685846e-01
8.434231926514484945e-01
8.173854336638332052e-01
8.403053345199803514e-01
8.439221722049859986e-01
7.746485678042359657e-01
8.640255070538366278e-01
9.210543095231341626e-01
8.251609044309082819e-01
8.452330520744059106e-01
8.284942051052186507e-01
8.600559993432922434e-01
8.803670345770950867e-01
8.509658017360672844e-01
7.982902404784110173e-01
8.555576385540792916e-01
8.586543678934891455e-01
8.392017683533566919e-01
8.831181634721492202e-01
8.518339171919337982e-01
8.426419384125458656e-01
8.142524812635262288e-01
9.024212328720827569e-01
7.827934372682907593e-01
8.388074355606908172e-01
7.333654506972248077e-01
8.460692893964207872e-01
7.386350489065874880e-01
8.423910859875404222e-01
8.599201348326814820e-01
8.668051248271715359e-01
7.102548447591420233e-01
7.802711755373237246e-01
7.779820869521465454e-01
7.974226882719589460e-01
8.671410672016043319e-01
8.668711622378580950e-01
8.402762247851055522e-01
8.457558841558135976e-01
8.480372541491146832e-01
8.265709960195265493e-01
8.313551263523715207e-01
8.331642351441349570e-01
8.220327066463267718e-01
8.132288105815843604e-01
8.491781149330676071e-01
8.738715065483599886e-01
8.238561417271600407e-01
8.360603058172453306e-01
7.507947702269855972e-01
8.273323898709619151e-01
8.256776281080809854e-01
8.326505645657440446e-01
8.504773786269221869e-01
8.429753913316008207e-01
7.619570378045951164e-01
7.680906474554312080e-01
8.614189423499567511e-01
8.309841721827146976e-01
8.134454062454999912e-01
7.904470540599364270e-01
1.003495384577130639e-02
7.692244919528241631e-01
8.609465166260064084e-01
8.130978065144829348e-01
7.586779745563521082e-01
8.375691868271445406e-01
8.061976933007011237e-01
8.128163535713553989e-01
8.461666809265784295e-01
7.928957469379485090e-01
8.283405950078852609e-01
8.628448824712221521e-01
8.567675564168578672e-01
8.480196875079448748e-01
8.374586953758225150e-01
8.353409219675558273e-01
8.691840083096363800e-01
8.518689506453407390e-01
9.394991705253772363e-01
8.404521162933077383e-01
8.466117262662392617e-01
9.306493231970824898e-01
7.440356255134592534e-01
8.302034380192337970e-01
8.647500634594330604e-01
8.127407897140234150e-01
8.737856628855891206e-01
7.931627722012052351e-01
8.446836532215550308e-01
8.625279429286286659e-03
8.268515014678853303e-01
7.559387844026764780e-01
8.744940325362444700e-01
8.074017557183853500e-01
7.647547122632489813e-01
7.493510909610028303e-01
7.554642070734606252e-01
8.581950104552835690e-01
8.663768700027770775e-01
8.389795398101383972e-01
8.891348042767379667e-01
9.011247752981237369e-01
7.796697505830820774e-01
8.368949712562624432e-01
8.129823948880194884e-01
8.835871278062034095e-01
8.858056355537152760e-01
8.275287234900725597e-01
8.550721495244021364e-01
8.442804739289806459e-01
8.321385768570347397e-01
8.436617629759928239e-01
8.753198885287853948e-01
8.427293993060309685e-01
7.864741485272725985e-01
8.572810798841299373e-01
7.527300941303386450e-01
7.552120463181001275e-01
8.602592914418324410e-01
7.993051916278884894e-01
8.630771866999665809e-01
8.085451861395177575e-01
8.599000829290394110e-01
8.120209156817310703e-01
7.206088074643703933e-01
8.399397630663987258e-01
8.550242329998313240e-01
8.732413578757874939e-01
7.618326449437415882e-01
8.142160128856198442e-01
8.941244964669096129e-01
8.480513033819081503e-01
8.971626411965277770e-01
8.148469014028060231e-01
8.276891585886364533e-01
8.125456416233807211e-01
8.072398976266498272e-01
9.201264404127267316e-01
7.556567452834455079e-01
8.931945004462353843e-01
8.418924359562258708e-01
8.873927388779500047e-01
8.219841016130919886e-01
7.829035512695952104e-01
9.084299734566887441e-01
7.949448034622902393e-01
8.849766479951070020e-01
7.985746152306612000e-01
7.908406656517252831e-01
7.818897785046782234e-01
8.940811231358212208e-01
8.018374540893201674e-01
9.335753034421081509e-01
8.021399590269148172e-01
8.552394615443486003e-01
8.999764156189957731e-01
8.204317766765216735e-01
8.789720851794354806e-01
8.134098143959491711e-01
8.903402403986673264e-01
8.760529451451801730e-01
8.602890946020987917e-01
8.166088935029821583e-01
8.956619827873241180e-01
8.389427935833498884e-01
8.522987475074913499e-01
8.166473255085364702e-01
7.790744721191977806e-01
8.702655563792585092e-01
7.929524236848357610e-01
8.684908602107116460e-01
7.991324162679085408e-01
7.358139501597272814e-01
8.347841933256748836e-01
1.952346734747087420e-02
7.794032832488770879e-01
8.377073934191969773e-01
8.409332154910343915e-01
7.572051222261235726e-01
8.188019846622174303e-01
8.246971427401509347e-01
8.156481965167319270e-01
8.454709444107175731e-01
7.888909144274615093e-01
8.300217186904758071e-01
8.404450168275608979e-01
8.597180777409508812e-01
7.969143000364573570e-01
8.784312128827993504e-01
9.056849677342724281e-01
8.272160308194409506e-01
7.901056918062070444e-01
9.042685742923680658e-01
9.235130066887522471e-01
8.391154996513991993e-01
8.038137870545140062e-01
8.396637748471169616e-01
7.961868000715734972e-01
8.526979003140562341e-01
8.194490563608785028e-01
8.617975434837381599e-01
8.752423640401045812e-01
7.812546391833163906e-01
7.971624526750952233e-01
7.760885475268678446e-01
7.317824892755806498e-01
7.817074455418582257e-01
7.617845797421686216e-01
7.889224690646796656e-01
8.316357859463442415e-01
7.989168960916842588e-01
8.448902612833790737e-01
8.168730443579582667e-01
8.647064829745617631e-01
8.160026773238774345e-01
7.708240269895569874e-01
8.625110095971599833e-01
8.217475179936456486e-01
8.162880175957176743e-01
8.597674664169225878e-01
8.414629036437391019e-01
8.015232440177857409e-01
8.531488565769428378e-01
8.557877420529090839e-01
8.210502214755208694e-01
7.919351028547684246e-01
8.489713819454575150e-01
8.795976479723908170e-01
8.369456741820254786e-01
8.641094437476408707e-01
8.575710684467268141e-01
8.362844828845900080e-01
8.105365250396787680e-01
8.813517616435843083e-01
9.012749639792184686e-01
1.626214850465972778e-02
8.858796299817783826e-01
8.854586022033886783e-01
7.127775052191365202e-01
7.646703422437796105e-01
8.170918985230893883e-01
8.396607175229827691e-01
8.555040451644249089e-01
7.891974355855202461e-01
8.529997159262928674e-01
8.240237508796455224e-01
7.960824304019161746e-01
7.639997271404164181e-01
8.932797324345004286e-01
8.540118880250342492e-01
8.310822813745675219e-01
8.102390649110859933e-01
8.294954179048664722e-01
9.031374180117121009e-01
8.467397374411149702e-01
8.668146087487207385e-01
8.510600479850671807e-01
8.514680839300735604e-01
8.818553083012925509e-01
8.500364933359758624e-01
8.284050028203420180e-01
8.236353563109003462e-01
8.698490737778007409e-01
7.956485546385180241e-01
8.117409001755291342e-01
8.657412723480629735e-01
8.643982916704839869e-01
7.880814178831243577e-01
8.813920985705836486e-01
8.493343661552025248e-01
8.379947771327866946e-01
8.489830336958779089e-01
8.601999459624865008e-01
7.998857166754335113e-01
8.228166347626600929e-01
8.921339139044028865e-01
8.305499391007411525e-01
8.438645000558330223e-01
8.647562009757641110e-01
7.643513984451253407e-01
7.683674732061218648e-01
8.849788910074349868e-01
7.935312563719707502e-01
8.665185029036199804e-01
9.052461895222404520e-01
8.004516514971585783e-01
8.876267316033339405e-01
8.194557688841059839e-01
8.803076546964893057e-01
8.206732753524396129e-01
7.869528335955754406e-01
7.730495232162382102e-01
7.913195081954937926e-01
7.881767192724836724e-01
7.203888785476701972e-01
7.941660433244092099e-01
8.196065194006812993e-01
8.178762203668316078e-01
7.685123563870701613e-01
8.375516201616992618e-01
8.702571552454827497e-01
7.875409699184778844e-01
8.120404152676020670e-01
7.972600096118149793e-01
8.390312278793021772e-01
7.787811947992161477e-01
8.778273952180641881e-01
8.106791310746124246e-01
8.394323202287976571e-01
8.644709992008449140e-01
8.346396087513540119e-01
9.040066364953438516e-01
8.770824729922815921e-01
8.770307330764404163e-01
8.187534599703558680e-01
7.844112071861627511e-01
8.282893453067355916e-01
7.430304686546733706e-01
7.637623495001799601e-01
8.120906309118020028e-01
8.579724056085389350e-01
8.480380873301468503e-01
8.466121847777767773e-01
7.338805878966464524e-01
3.270955523715710633e-01
8.335906946671004514e-01
8.402311437412132156e-01
8.265552020085881191e-01
8.266167897977788614e-01
7.509693237663362941e-01
8.673840580654561538e-01
7.795528810349171556e-01
8.628577474572550754e-01
8.731053635367720389e-01
7.537463323907751533e-01
7.935457300867312380e-01
8.903377577708727619e-01
9.077361004020499946e-01
8.579011939546407062e-01
8.115914575835360134e-01
8.013424596006710754e-01
8.857196944928028559e-01
8.450645708070654294e-01
9.026487986390693274e-01
8.057300434471990069e-01
8.617992186751610717e-01
7.969495756672960729e-01
8.048013177415542785e-01
8.709186269628202970e-01
8.027083446501779296e-01
8.669403997192269840e-01
8.146535969261321508e-01
7.658354640402773583e-01
8.883422682026754780e-01
8.799077894510966003e-01
8.582024153980102321e-01
7.682223434543670182e-01
8.485522912103766746e-01
8.273160822653301549e-01
8.111133037961837378e-01
8.233964663003524587e-01
7.361182224643690875e-01
8.369167242475732404e-01
8.368129485781361510e-01
8.773917360947591781e-01
7.720563736402441535e-01
7.624155437817932146e-01
8.593990721021659285e-01
8.339699528785738947e-01
8.152984500545599200e-01
8.346348774182675845e-01
8.737860689864237473e-01
8.875125880545403634e-01
8.222432241658221841e-01
8.910354713995455311e-01
7.925387359867251957e-01
7.960537775704307206e-01
8.437825798695833823e-01
8.229996766287729359e-01
7.761428924985855904e-01
7.838158735472261496e-01
8.014198340713161173e-01
8.187175814668223861e-01
8.505375928972190858e-01
8.931520860821627883e-01
8.326810284226487946e-01
8.236404240103861740e-01
7.837214141075181661e-01
8.565650815441268051e-01
9.346831192072692085e-01
8.174260734505388593e-01
8.336016564520012384e-01
9.140470953487636052e-01
8.902104058832192024e-01
7.338833251635916710e-01
8.039857099622912395e-01
7.920410670840135614e-01
8.475295019309299072e-01
8.418732232909365010e-01
8.190299274579997402e-01
8.203462094862826737e-01
8.211187916788917907e-01
8.113475328385041374e-01
7.748805092417017093e-01
8.448734433271738453e-01
8.064722930737339146e-01
8.449186382977852405e-01
8.207619542681771074e-01
8.637365654931633552e-01
8.641053954014498162e-01
8.261252554564130213e-01
9.175703337157780082e-01
9.378048383578302394e-01
8.567641050588054030e-01
8.884894914879909456e-01
8.079582113485244133e-01
8.700268492618348226e-01
8.319041896544528969e-01
8.545238485537284268e-01
8.511181976350274958e-01
8.110622533954326974e-01
8.411248710376578730e-01
8.467832094432606871e-01
8.255836431333937186e-01
7.943408494967661992e-01
7.472597956834662325e-01
8.603912160646244311e-01
8.288582423875476834e-01
8.127565645528809224e-01
8.264972039205421561e-01
8.825281752922152778e-01
8.002305966748002319e-01
8.471654452756368636e-01
8.575505955621997023e-01
8.017089478735686114e-01
8.295030761365291827e-01
8.067253060893065930e-01
8.296073618444177455e-01
8.880908605471558026e-01
7.905239098312812906e-01
8.849878250082590103e-01
8.265730921562406408e-01
8.229149038146571504e-01
7.934703794940494159e-01
8.236607319161819429e-01
7.699173245300258150e-01
1.334303564036583636e-02
8.730341140790498500e-01
8.372137717628073128e-01
8.795758703784212207e-01
9.033263059435022724e-01
8.259948833413367497e-01
8.995228130031890368e-01
8.647047140305837987e-01
8.533007571717856621e-01
8.674688056707630102e-01
8.212424187587197277e-01
8.861216757124276144e-01
8.354463582568338875e-01
8.363905389490865483e-01
8.346497606462768282e-01
8.960404294872078568e-01
8.293225774457122501e-01
8.120750269817448297e-01
8.773090937772645148e-01
8.541301120416303627e-01
8.718968089153655843e-01
8.344292434890797638e-01
8.603702775882077214e-01
8.543137095506849743e-01
8.803053998673056046e-01
8.804688395689637126e-01
7.864123481370360880e-01
8.340158160218735794e-01
9.106780612791705032e-01
7.906847646144653519e-01
8.311060925563317214e-01
8.464500185324066450e-01
8.275042551963442961e-01
8.323363608618263854e-01
7.734723282726473359e-01
8.422243264757600656e-01
8.243624566544413002e-01
8.395011843228697979e-01
8.927389608900153650e-01
8.155589653366949188e-01
8.227822488016570679e-01
8.347047082378509231e-01
9.080543004059962175e-01
8.559945411438849572e-01
8.649313323520394503e-01
8.675706622605183771e-01
8.608268358078040583e-01
8.510900888427714861e-01
8.428335640923689809e-01
8.634454585471527110e-01
8.257741055072593817e-01
7.620373996651951254e-01
8.465969261430372761e-01
8.337319941557915781e-01
8.855500483020716240e-01
8.087137525856982201e-01
7.761563218649394358e-01
8.764173801205390468e-01
8.073049960290057392e-01
8.521553896543853091e-01
8.061692002090006248e-01
8.315719463658621802e-01
7.887114351613090379e-01
8.642329000109074677e-01
8.502150280400189164e-01
7.790503789425373693e-01
8.500717810377473871e-01
8.967958925018783001e-01
8.526272430592107821e-01
8.239405842416845926e-01
8.931816062660243860e-01
8.516201974781071327e-01
8.479897021145758051e-01
9.187398160136610592e-01
8.481550883276154362e-01
8.292212986529938767e-01
8.442008831233822619e-01
8.507589543584735958e-01
7.073330623690872176e-01
7.999208601815116504e-01
8.027408344793393047e-01
8.236479252995847489e-01
8.447854496520045275e-01
8.947581752468785066e-01
8.158693442187874290e-01
8.464779137324062175e-01
7.562075338151018622e-01
7.289782069825661015e-01
8.755478559220859491e-01
8.781543225008601183e-01
8.520301046458483851e-01
8.528442784924962217e-01
8.216980985490722755e-01
8.553466161362967002e-01
7.762472129903099649e-01
8.229334298436051798e-01
8.869014341199832341e-01
7.588173364822465849e-01
8.773033469425001174e-01
8.942182536627574230e-01
8.796054063247092936e-01
8.607775692138249779e-01
8.441777232486641358e-01
9.175313667489175540e-01
7.914705275503496340e-01
8.048696562063778481e-01
7.968424000237417371e-01
7.962550481546375458e-01
8.000045878336781158e-01
8.572175980546701268e-01
8.506598136664073051e-01
7.876487800626115199e-01
8.361253607359382389e-01
7.377833188251983199e-01
8.491278652519718140e-01
7.638992516852661785e-01
7.970191406008713120e-01
9.051701424999779311e-02
8.546273287908023875e-01
7.693676111058441736e-01
8.645692537210215578e-01
8.247220515936530827e-01
7.783055737897900395e-01
8.635775009150208348e-01
8.119530992037260475e-01
8.554317899768832945e-01
8.390692755690588589e-01
8.360379168691817187e-01
8.313104434488288730e-01
9.225946042777560807e-01
8.354401603490680950e-01
8.314686454636384116e-01
7.778608845378042203e-01
7.990947560904195779e-01
8.567227604627879467e-01
7.557850593025068342e-01
8.644405679731186343e-01
7.690549570476497010e-01
8.406361432143329981e-01
7.921379521722583528e-01
8.226303328622618372e-01
7.980692723446738412e-01
8.018479522843561247e-01
2.343788369416588066e-02
8.126404360846714026e-01
8.464244383705628039e-01
9.131553954167537235e-01
7.554697132198154863e-01
8.517364930011178670e-01
9.241806678762742866e-01
8.560673944554378911e-01
9.040305768772507466e-01
7.916741698187773624e-01
8.643926250553772839e-01
8.328293042029012438e-01
8.203615066022974522e-01
8.798879789433061704e-01
8.822889990622224676e-01
7.715219919868139264e-01
8.715835160908589341e-01
7.888831223967922579e-01
8.020556716759410509e-01
8.865733940787744460e-01
7.144981335777738085e-01
8.074798165386406490e-01
8.629995058613745273e-01
8.616850299736154017e-01
8.306281407868328914e-01
8.000040850413933091e-01
9.074183456727801245e-01
8.102066587285030597e-01
8.177529367194932286e-01
4.720959960191787319e-01
7.559648912003313903e-01
8.337943897562976048e-01
8.372847575336678227e-01
8.349328267383749891e-01
8.381752786628490215e-01
8.773444507410864679e-01
8.258709051522119537e-01
8.359491792963341661e-01
8.692268307210073708e-01
8.186940893372828265e-01
8.525637528621783368e-01
8.709605886732206814e-01
8.396617514808222271e-01
8.587245356735736523e-01
8.049194648490799464e-01
8.489617073149255955e-01
8.856918340980824977e-01
8.304188448480362972e-01
8.295449570178112797e-01
7.595814557674924750e-01
8.143228866096284824e-01
7.569949922483633076e-01
7.339058277866115088e-01
8.005691601359526954e-01
8.429905997796877104e-01
8.207720445663838627e-01
8.717066068258169098e-01
7.611264252001315178e-01
7.515307430515721920e-01
7.345002134369906788e-01
7.730160540967161431e-01
8.344593349380668990e-01
7.536227732505274002e-01
8.255890617946712862e-01
8.355162294660383182e-01
8.212211392642732033e-01
8.827208782059658976e-01
8.629846540035710500e-01
8.947099143133205867e-01
7.606559714692383567e-01
7.431487739547228966e-01
8.702326313603645502e-01
8.126984188767489847e-01
8.817077406281957908e-01
9.271887773447807790e-01
8.491685014354550809e-01
8.429514999416322096e-01
7.868745997037197570e-01
7.923452835628912450e-01
7.523824803835540420e-01
7.403077885563654759e-01
8.578330965200721137e-01
8.099555624680808696e-01
7.819531461027058317e-01
7.778341068707291805e-01
8.507181865381425734e-01
8.209592610415789027e-01
7.934689462037223251e-01
8.246243228683759474e-01
8.321442094611017914e-01
7.401513205097653980e-01
8.366744747068776134e-01
8.171923399863875170e-01
9.059279401372679619e-01
9.175748282855519244e-01
8.632792150832586664e-01
8.161476481893998880e-01
8.587924111930719251e-01
8.562001828873619935e-01
9.063726349697339701e-01
8.183993802433690012e-01
8.689209532535863145e-01
8.226820078237536693e-01
9.365121632919581884e-01
9.105295044592774945e-01
8.164767771049505907e-01
8.776930952451810208e-01
8.926996199862217152e-01
8.575136044517468470e-01
7.933519861170977849e-01
7.822684916245189468e-01
8.077413139089802963e-01
7.995351161499288928e-01
7.865429932625428444e-01
8.140689871118936827e-01
8.511720227692359808e-01
7.850213139559536479e-01
8.180530990232530719e-01
7.632411098825633289e-01
7.994504819188942291e-01
8.634106896441053891e-01
8.380779525528041507e-01
8.084937855872562640e-01
8.099711191003133859e-01
8.309236018962931070e-01
7.844374322970045776e-01
8.528165479981376640e-01
8.615154438583830787e-01
8.187200034347407174e-01
8.946553958852154764e-01
8.335640147225314989e-01
8.170363065499626209e-01
8.124475321373790804e-01
8.260155759763455618e-01
8.309019961718007163e-01
8.366246241181042320e-01
7.556447856518546669e-01
7.592904431002124310e-01
7.697274606575787992e-01
8.415796599717708659e-01
8.783360857879756178e-01
7.558340646329578805e-01
8.138990964820238538e-01
7.983967626042264287e-01
7.592693411939998027e-01
7.807327006588987706e-01
8.230246311706470586e-01
8.174470749018145632e-01
7.938820349227975193e-01
8.340933843572166939e-01
8.051645007417801425e-01
8.539801037006228279e-01
8.027362978273864247e-01
8.442198318439785298e-01
8.561244629815815133e-01
9.073387614694687908e-01
8.166915516921908758e-01
9.425614144328929855e-01
8.721978959678026166e-01
8.023738706937180165e-01
8.368164148486596510e-01
8.429589640592651811e-01
8.844850260801557784e-01
8.769062938214078340e-01
8.304786278370385189e-01
8.909467089753110303e-01
7.498559825041102300e-01
8.720393062199632839e-01
8.311798716727172298e-01
8.274051561967821211e-01
8.607379765078195799e-01
8.600264407944347989e-01
7.820096594266342516e-01
8.175882777979762706e-01
7.952940990007351107e-01
8.422940779944199097e-01
8.689651298412519598e-01
8.292493297452434575e-01
8.564768137609305443e-01
8.116034149247313145e-01
8.477259004696109379e-01
9.070567982693661380e-01
8.557169140813409847e-01
8.140950356100939977e-01
8.516144050947489497e-01
7.272440409892355628e-01
7.823244263433055679e-01
8.943411985923187535e-01
7.493873165110248591e-01
7.684031997183718987e-01
7.722984094800299237e-01
8.680704059937306427e-01
8.109185955793976053e-01
7.976086480407728052e-01
8.181926418159588543e-01
8.671246166110601061e-01
7.774829054425931307e-01
8.488486963855248479e-01
8.555244535835880848e-01
7.979924258873369869e-01
8.107678423989242988e-01
8.208514245758640193e-01
8.047235198887260355e-01
8.260858596146493094e-01
9.084317231847792717e-01
8.272840492274052826e-01
8.867752830659161312e-01
4.042293908857439999e-01
8.216848823800979584e-01
7.865156417504830522e-01
8.098183224560173699e-01
8.150002677142024199e-01
8.463963735887060080e-01
8.842321330559219650e-01
7.729373992719675845e-01
8.872103679207974380e-01
8.363309908704659179e-01
8.450990642324005542e-01
8.294406505964302401e-01
8.617361630743114453e-01
7.722584135399411798e-01
8.774127418713812965e-01
8.784734851485909157e-01
8.745367958954002319e-01
8.820231504104278919e-01
8.655266448639351573e-01
7.978387458468112481e-01
7.997476250139382570e-01
7.528578399724146220e-01
8.620577752225199175e-01
7.641767234879724979e-01
7.484186809020095810e-01
7.965327012400805762e-01
8.546755889431102426e-01
8.515629160332788272e-01
8.696203225171845741e-01
7.890640312372497744e-01
8.399582025968854726e-01
8.217605388590466520e-01
8.236619015276346323e-01
8.229400854052919545e-01
8.856732433860183829e-01
9.061525224948516755e-01
8.348432758029935563e-01
7.997823028552647484e-01
8.763150489232932605e-01
8.238322828419598620e-01
7.940961770811271192e-01
8.278994358051682267e-01
7.990298560133547445e-01
8.760468340748257532e-01
7.259402194117450247e-01
8.090130223986319313e-01
8.056704954545209629e-01
8.561464872444308760e-01
8.462945444397650396e-01
8.551315659894729304e-01
7.320313253289888467e-01
8.634318706803074672e-01
7.728071184667889559e-01
7.721677055496090070e-01
7.633928677296758503e-01
7.995974356235675540e-01
8.532349353138842796e-01
8.607769964690779041e-01
8.334291714424837405e-01
8.451808539908428619e-01
8.323758641101391964e-01
8.289701633353652177e-01
8.236426630435310647e-01
9.003168665650327362e-01
8.620592575514081091e-01
8.582838492752089543e-01
9.337425961039279576e-01
7.968866750924649134e-01
8.635050496379242935e-01
8.363465013215767296e-01
8.199435033134460094e-01
7.819253541030604104e-01
8.186985853377700684e-01
8.704647848206195082e-01
7.322573851350866470e-01
8.383633165889563532e-01
8.574675188713385410e-01
8.664245307783041694e-01
8.300331513459486832e-01
8.116012731044838224e-01
7.610329711087197024e-01
8.398255076274705466e-01
8.262593266178031026e-01
8.162381134945162486e-01
8.016515059647062458e-01
8.294076298190864449e-01
7.888519222378541640e-01
8.402405865685798059e-01
2.415113524368042719e-02
8.544417363649298158e-01
8.107188160131576504e-01
8.254334141517170043e-01
8.198971679492628173e-01
8.550444378068839946e-01
7.890692499599817333e-01
8.613235145320712327e-01
8.087218318000954920e-01
8.151399030037307369e-01
7.699985698422711078e-01
8.460186325593398449e-01
7.698445181169772944e-01
8.802884103514703185e-01
8.252084017290554074e-01
8.662765055337338094e-01
8.442442936032209522e-01
8.840866879703628278e-01
8.502730676587304526e-01
7.936065698163630167e-01
8.424119693438723022e-01
8.399621663849096143e-01
8.092235760102666209e-01
8.620580599778515651e-01
8.949153052065049740e-01
6.910345770942905030e-01
7.236212723390266222e-01
8.062438514151426538e-01
9.010845858208992309e-01
7.871091903563710579e-01
8.218012983026167645e-03
8.115175432748789053e-01
3.386164885046663228e-03
8.056374090000022470e-01
8.736131034072944779e-01
7.848859677223883891e-01
8.434683685684924992e-01
9.314191708817519677e-01
8.249649840290438352e-01
8.533790221666630593e-01
8.791920842079170573e-01
7.867719222616275099e-01
8.873161756778608078e-01
8.206326396012363356e-01
8.201573447258855287e-01
7.989942129485142486e-01
8.180529778692566811e-01
6.854746862925575890e-01
8.219089831646897437e-01
8.753783528034100314e-01
9.236423729428029361e-01
8.198652858143536948e-01
7.918518503342898418e-01
8.543025644238763094e-01
8.576173257824838414e-01
8.957941538800731074e-01
8.540860737007180958e-01
8.036416009246802883e-01
7.219726126906756969e-01
8.074110095760618222e-01
8.219962336221626753e-01
8.266576334921782454e-01
7.926931515480177826e-01
8.573408827825912404e-01
8.668002900098166208e-01
8.870747632587022702e-01
8.020142775580141326e-01
8.439581796699655580e-01
8.329375536822632986e-01
8.593762896803516238e-01
8.297202699583990926e-01
8.254387166417571642e-01
8.299301311937494763e-01
8.488462700255455795e-01
7.632891974198663387e-01
8.282675857973047506e-01
8.699279892712146189e-01
8.145221654826254598e-01
8.415901383915491696e-01
6.982711107121073457e-01
7.511247554399919091e-01
8.032811275574039955e-01
8.379500304420306467e-01
6.803090629796537669e-01
7.942446738570265730e-01
8.056745776364236944e-01
8.651351533214254319e-01
8.434257245175734719e-01
7.767780027873861792e-01
8.036446664761758285e-01
7.325175563151038460e-01
8.567714009728459867e-01
8.656186719259106876e-01
8.314186010970455731e-01
8.251907338382798995e-01
8.395523569843257317e-01
8.281461796018476651e-01
8.548745746964628855e-01
8.636591391092562908e-01
8.180784214313614466e-01
8.883918713942002832e-01
8.590954159238977095e-01
8.031862294309147776e-01
8.189587499214715516e-01
7.640003755174393785e-01
9.159965402266322387e-01
8.374850429889146852e-01
8.400332981140541388e-01
8.421761768229285572e-01
8.434248741197154509e-01
8.030271050881864214e-01
7.541820190262231716e-01
8.878421420883588766e-01
8.299672075059953968e-01
8.531547124356400058e-01
7.961163972609062167e-01
8.292079786935320218e-01
7.950131864421433603e-01
7.928953601065452661e-01
7.766025957603173158e-01
8.504615563150061952e-01
8.193288447678312991e-01
8.263258484243909407e-01
8.316222522740760459e-01
7.942031928789045070e-01
7.869294929953726259e-01
8.080874003791930216e-01
8.142589636517237883e-01
8.417706651467907752e-01
8.110869307280239582e-01
8.153568447853443146e-01
8.318736032137610259e-01
8.129813097556215507e-01
8.175564609149581496e-01
8.713395202211484669e-01
8.346313065006247811e-01
7.268769326708964806e-01
7.810736892415314214e-01
8.779511407238813625e-01
8.690828764473838008e-01
8.397896851276291930e-01
8.324226163554587776e-01
9.010829038315226747e-01
8.212925236025876430e-01
7.952983579635791722e-01
8.512485676197003581e-01
8.405062267668744758e-01
8.348434470675385466e-01
7.946704011575708160e-01
8.593240747616068820e-01
8.661585337398607365e-01
7.916793652311123752e-01
8.255136511025482626e-01
8.600144452088935854e-01
8.687477533211697134e-01
7.764034140044995258e-01
7.997579489020274490e-01
8.093198077052867756e-01
7.297100880062074024e-01
8.257333516371928583e-01
8.604569277971647612e-01
8.469651546909712225e-01
8.779332984523919858e-01
8.090910461918264796e-01
7.968913809919059288e-01
8.586297414940523565e-01
8.028751009131392946e-01
8.229431367088861915e-01
8.370805004796507687e-01
8.111357303312483058e-01
8.759426415461994964e-01
8.387115159395671649e-01
7.620473349610143998e-01
8.547563667392495956e-01
8.139643471550255249e-01
7.676392056589581570e-01
8.031458832688764815e-01
8.037980695578877954e-01
7.757379619401492121e-01
8.255817137320965449e-01
8.159544546756435368e-01
8.113008469141949064e-01
7.711660820570106489e-01
7.978991398373644905e-01
8.089237521960146449e-01
7.806760338227208829e-01
7.916617826614225084e-01
8.443751412893429897e-01
8.560447286963598357e-01
8.566689633946134030e-01
7.438532740936193433e-01
8.586611685227131252e-01
7.888712465563835208e-01
8.441752716024147896e-01
8.991304678693997632e-01
7.837279411271484975e-01
8.473127339577311012e-01
8.956602145859150488e-01
7.948155848446337712e-01
7.564982554348578248e-01
8.094454417671529400e-01
7.741451753459887009e-01
7.795390103875120547e-01
7.477482794867231775e-01
8.660422426518149530e-01
8.539573097222298292e-01
1.386529785731764001e-03
7.823564665443031307e-01
8.231337222258778841e-01
8.322129569380966041e-01
8.980931703318028037e-01
7.756640591326044998e-01
8.344934264200505325e-01
8.131929068286841700e-01
8.112424466959369251e-01
8.791319394633559936e-01
8.284120603369878877e-01
8.218651990807477326e-01
8.706035423701660170e-01
8.513543211492048401e-01
8.447394113103834368e-01
8.298026764380288522e-01
8.600650941705834107e-01
7.442590581102634939e-01
8.683153438952248004e-01
8.160682372260456008e-01
7.773528224170056511e-01
7.452522748076250148e-01
8.775197776863369326e-01
8.957059818777513005e-01
7.923041723993928809e-01
8.606314410736515264e-01
8.726856781161153043e-01
8.735912092904769555e-01
8.315264593903187729e-01
7.794510892848660610e-01
8.271738372005437157e-01
8.567751269988637119e-01
8.543532594707348160e-01
8.468905676322255882e-01
8.303203163402562703e-01
7.982320347196536492e-01
7.840064830077589919e-01
8.995049603860765242e-01
8.250709679756501602e-01
8.112969523362523194e-01
8.785966127228457268e-01
8.846585439306166032e-01
8.449373972123472853e-01
8.128124308924460362e-01
8.476334243209883157e-01
8.524179719604788596e-01
8.187001443840495885e-01
7.616556394880592551e-01
8.439198855390439569e-01
8.056502278325508026e-01
8.953135666120777270e-01
8.418256647341603172e-01
7.728932285323107942e-01
8.107329349286869213e-01
8.989148505485812235e-01
8.632713877845198391e-01
7.987932127286863082e-01
7.856714912743566481e-01
8.660627817442554388e-01
8.809886195912899343e-01
7.992444956496305153e-01
8.605979363097585599e-01
8.420062460366419810e-01
8.173487607750254957e-01
8.103741537434767661e-01
8.301021150643337343e-01
7.917310527193529568e-01
9.013527323440342354e-01
8.229988600937537813e-01
7.900428896708465709e-01
8.031925840959669438e-01
8.611148581953154135e-01
8.543962148614543395e-01
8.103961957858465404e-01
7.836147219571929501e-01
8.232440378801098024e-01
8.617901852680610597e-01
8.003806464324036973e-01
8.504072523642645098e-01
8.035891767331055924e-01
8.858263639643905174e-01
8.491045538782064916e-01
7.988078691578053281e-01
8.461010438156985058e-01
7.918577772666425263e-01
8.199363092055717006e-01
8.677610832002160546e-01
8.152583594856137594e-01
8.118186530535564938e-01
8.339646001689611232e-01
8.471760733629009055e-01
8.080152035189309689e-01
8.249805806480606796e-01
7.969211254149770607e-01
7.854371124836281304e-01
7.816335713981057420e-01
8.423545959240477110e-01
8.545810513204221692e-01
8.932209336271738076e-01
7.846261528711795386e-01
8.200277839203728991e-01
8.518858744660804394e-01
8.330326555394558241e-01
8.919948443255517612e-01
7.773836450761113515e-01
8.512709532973138371e-01
8.544320373628953025e-01
7.862662155556613408e-01
8.782106427614803090e-01
7.666576416747440392e-01
8.578754727039142880e-01
8.517321330670557522e-01
7.955034421006446088e-01
7.435328295828945722e-01
8.342809226720468985e-01
8.476722554040406754e-01
8.699454657702938576e-01
7.110549450096980140e-01
7.501545850456621256e-01
8.417761069960859599e-01
8.596172432793894869e-01
7.982357848190113625e-01
8.260382231631487882e-01
8.573371013865249690e-01
8.336814490016365431e-01
8.032395924028076228e-01
8.395773056972473114e-01
7.971903788785807965e-01
8.314182291206667630e-01
8.496570942701748841e-01
7.768814246571192905e-01
8.552710194616401918e-01
8.156767418923175361e-01
8.028588019257256736e-01
8.658860073482365083e-01
8.705193022195226726e-01
8.809537842831253185e-01
8.272069694378831883e-01
8.048306390792948628e-01
8.003233519820175390e-01
8.186638812023580014e-01
7.910393949039444816e-01
7.858508445315408597e-01
8.733511058696957763e-01
7.918741412214713726e-01
8.290524077916683332e-01
8.402418241339516536e-01
7.593970153266920153e-01
7.034987622822601594e-01
8.179627457041601657e-01
8.409340359760268946e-01
8.626386219656818621e-01
2.570150469239254956e-02
7.783546318837198941e-01
8.222533736822996708e-01
8.538249981876232519e-01
8.343288475579130337e-01
8.068002733643913071e-01
8.358769803598311565e-01
8.669809217143745750e-01
7.906353585761766167e-01
8.198331052827214638e-01
8.113943123867237706e-01
7.813360633040903336e-01
7.337187743618974745e-01
9.018765918157176653e-01
8.072709275016941577e-01
8.241205910680508007e-01
8.337937757724528387e-01
8.744116707316038628e-01
8.129628029896380781e-01
6.800996347132781672e-01
7.866982164411771006e-01
8.391799265639816596e-01
8.009900063383735835e-01
8.294774682847722014e-01
7.225946308023959430e-01
8.460836080706908291e-01
8.277063028729094718e-01
9.081884578497606553e-01
8.856919836738881280e-01
7.290213451403051437e-01
7.937229183722862569e-01
8.386422653321276011e-01
8.146913705813219053e-01
8.061866407820856839e-01
8.521854194146923911e-01
8.042344879120736367e-01
8.637484223521728621e-01
8.713660266895526529e-01
7.997996504998161615e-01
7.740723988401567723e-01
7.905918438352871336e-01
8.600907851174851571e-01
8.162665723911212146e-01
8.212637847982319217e-01
8.307214862688956369e-01
7.438725918291011485e-01
8.308828559743424158e-01
7.600662059975551443e-01
7.545781473138142292e-01
7.928611771187195068e-01
8.769217001300380065e-01
9.128226288021197288e-01
8.075821879151513505e-01
8.319616855241375175e-01
8.056757545255102126e-01
8.278588363217580515e-01
8.205662543946956600e-01
8.042685128630224778e-01
8.766595097460238017e-01
8.286014117025309877e-01
8.608863894346382439e-01
8.229313397075618264e-01
8.172696845039773006e-01
8.763946744089984309e-01
8.119482709133418741e-01
8.232900992859636391e-01
8.667161002591061703e-01
8.117400304966767566e-01
8.232784541084019470e-01
8.630561965475277431e-01
8.458821840517457558e-01
8.578496619467629314e-01
7.808988795670852578e-01
8.289997012220361450e-01
8.008117368375319289e-01
8.740654589425685961e-01
8.825331472412305533e-01
8.314769946664199995e-01
8.307691093609822497e-01
8.213812129469041379e-01
8.563567214188020360e-01
8.125311589599238937e-01
8.058073368245262103e-01
7.977872037896329704e-01
8.715157719942416836e-01
8.105334112884162723e-01
8.215681958630514092e-01
8.111742755136561733e-01
8.528168503855156901e-01
8.564288398404843461e-01
7.910355159814418391e-01
7.980360579153494838e-01
8.128349863767655448e-01
8.372568521210514980e-01
8.609578964305152349e-01
7.701289775266282334e-01
8.326319952491607612e-01
8.291959964936695959e-01
8.282729770940181480e-01
8.524593669757615233e-01
7.688250261535115593e-01
8.182208491041109699e-01
7.497664010008577851e-01
8.132325570645926316e-01
8.467460739030336914e-01
8.552166369953354552e-01
8.685388615344605823e-01
7.779566899214130915e-01
8.485656549235482959e-01
7.778688712756041124e-01
8.718714400463083436e-01
7.809417105493754452e-01
8.596988881053702070e-01
8.208733489628754487e-01
7.566744608537918637e-01
8.158930903465041462e-01
7.865215364937130360e-01
7.842227139147340820e-01
8.665480172361901268e-01
7.762762814142141199e-01
7.946287173088253386e-01
8.462199737905368169e-01
8.647154549367372933e-01
8.143484098468162236e-01
8.240904673262325897e-01
8.668565243677330834e-01
8.317266987589675420e-01
8.477797422860525733e-01
7.641433120396333711e-01
8.484592971131855732e-01
7.733641825894989053e-01
8.356709498897377797e-01
8.488655019415581870e-01
8.010198465216228358e-01
8.313083615549250460e-01
7.861974984478168338e-01
8.581816515295779269e-01
7.710905951910366207e-01
8.350614362422313919e-01
8.111047528747370450e-01
8.921198474180698224e-01
8.198864144987569880e-01
8.038439156291700138e-01
8.169836418377122156e-01
8.552387995704924251e-01
7.681753052333493148e-01
8.102989773619444502e-01
7.187546306253865813e-01
8.336242518809447999e-01
8.656151506144994512e-01
9.036653277025179509e-01
8.414722697557687203e-01
8.350907895765993239e-01
8.255958356915045204e-01
8.634453212302508618e-01
8.303375614266000904e-01
7.778034879867572471e-01
8.023411295702063128e-01
7.928928978884202117e-01
8.042173362629746469e-01
8.243274851081130450e-01
8.724527213206217935e-01
8.319394754230925448e-01
8.102613283651934895e-01
8.060555175199385358e-01
8.059617156498095625e-01
8.180937983488718590e-01
8.668694398588518979e-01
8.508919546509964293e-01
7.649019224403424966e-01
6.726399049854296930e-01
8.528309306460455375e-01
8.624434053477862960e-01
8.394894262293985943e-01
4.956777375623954152e-01
8.640420242840159970e-01
8.269719281507816877e-01
8.777503578947641882e-01
8.237709280902159037e-01
8.306701400929418222e-01
8.587337382988994294e-01
7.645805420918749817e-01
9.264792932724271735e-01
7.849858814655953365e-01
8.637552271833407458e-01
7.893016869850457695e-01
7.565992862741897085e-01
7.775735967032507689e-01
8.267718960838508213e-01
8.231311164845052097e-01
7.838081860283724334e-01
8.445617005162145974e-01
8.686702249580667834e-01
8.366540801881703349e-01
9.148843607191445848e-01
8.708174975987240662e-01
8.436789320668899306e-01
8.480745442959751745e-01
9.290669301850320583e-01
8.524119751991523497e-01
7.958978044592660561e-01
8.167117844387745684e-01
7.781404766261260653e-01
8.222603499736906851e-01
8.501610323585757634e-01
7.777463316422381645e-01
8.557161280568957862e-01
7.880455649473002699e-01
8.756145842368255883e-01
8.975847883411410821e-01
7.990168765596249445e-01
7.532335006762503893e-01
8.539273636885958974e-01
8.363305747380305188e-01
8.671724822463524607e-01
8.211961650193292384e-01
7.314366624738876110e-01
8.178503938938223028e-01
8.681986100900236369e-01
8.330615418273753514e-01
7.396609865906708103e-01
8.237367672979987177e-01
7.840160487152355584e-01
8.712816554363432830e-01
8.783166223627558722e-01
8.806906347810907754e-01
8.482316567186163336e-01
7.482627832512539490e-01
8.284124146041444980e-01
8.476047140663468538e-01
8.456581058675430862e-01
8.358356316154055277e-01
7.269371010549753320e-01
8.152297177326663924e-01
8.566251095425643225e-01
7.875393174583609213e-01
8.409725632129444461e-01
8.509025904332476742e-01
8.887204095734015930e-01
8.461362479731864283e-01
7.931929506039925304e-01
8.320989240022153011e-01
7.970627213911017916e-01
8.059615599768505945e-01
8.375747706984294494e-01
7.674293859176688493e-01
7.428314257028169054e-01
7.777314287918711821e-01
8.721626199459663331e-01
7.801970739229685536e-01
8.771809907291615582e-01
7.994883271616852749e-01
8.632281232783188818e-01
7.762370171621665316e-01
8.371855033143675850e-01
8.366282673234693990e-01
8.167345355288925246e-01
8.542402958837033156e-01
8.492159196571715807e-01
7.734608678697212358e-01
7.916375569793198119e-01
1.675232783242483481e-02
8.350868725918650926e-01
6.606360463518186066e-01
8.650143955211642144e-01
8.638535648926630728e-01
7.999335773495569457e-01
7.904636574038084174e-01
8.267522459422099734e-01
7.867256586105454419e-01
8.139287915604523915e-01
8.626649649625602878e-01
8.416186694557258319e-01
8.334115356307073563e-01
8.126292354109988514e-01
8.174027963478702752e-01
8.641677705690787858e-01
8.578246102811224461e-01
7.597066673295923556e-01
8.609333091941463456e-01
8.713966346483208447e-01
8.340825315687765418e-01
9.077988014745771439e-01
7.210380912858456171e-01
8.016793750209783020e-01
7.931884795482150308e-01
8.804586629168070777e-01
8.182852721226888670e-01
8.556076005239794391e-01
7.768478262539832979e-01
8.586992111420129747e-01
8.245549193490820938e-01
6.655019104951288567e-01
8.593622020248524729e-01
8.518203245626823072e-01
8.629261110636212706e-01
8.228599868959174390e-01
7.513133810214412955e-01
8.171015160689583112e-01
8.384022467894803876e-01
8.232790760030256338e-01
7.807567954168499469e-01
8.663612465428051079e-01
8.674891431335144398e-01
8.565832098459101873e-01
8.433880885770004276e-01
8.314422960558905951e-01
8.818904172276238462e-01
7.681341611392351609e-01
7.732611313856815327e-01
8.609667161039105121e-01
8.367519480320332326e-01
8.778286907372800929e-01
8.306163922469472771e-01
7.844591607208455386e-01
7.266820949520036432e-01
7.992290125358204600e-01
8.832867151081459367e-01
8.744222617469462611e-01
8.165744594763265640e-01
8.367281373919028820e-01
7.672052035483352128e-01
8.131015312497733571e-01
7.890441073519596227e-01
8.192410754787785576e-01
7.990362795022959430e-01
8.496949246249789756e-01
8.397717894782950054e-01
8.285809547900249150e-01
7.719776705894679791e-01
8.451929655437947497e-01
8.396155200014626674e-01
8.905791087192924671e-01
8.136986381827231440e-01
9.187535222921298095e-01
9.022488482284690692e-01
7.888859936136535245e-01
8.110180342444248680e-01
8.045239590135079277e-01
8.432124274052232860e-01
8.466069982257032889e-01
8.511175149387745220e-01
8.907120424559946681e-01
8.416048188681635178e-01
8.863944678792500254e-01
7.982225337079619232e-01
8.115565660516238511e-01
7.742499734247376697e-01
7.654272094029571649e-01
8.363045697669369005e-01
7.930582267207059166e-01
8.131807613534161039e-01
8.076879776790089061e-01
8.412809929700899580e-01
8.013215389115777576e-01
8.202387239763972993e-01
8.389910442734272999e-01
8.812285250559025451e-01
8.117498624250714112e-01
8.827749501133101973e-01
8.428398793606183270e-01
8.624957466215414925e-01
8.346454656690706075e-01
8.539658386220981834e-01
8.864166019000455643e-01
9.077061375209508620e-01
8.203365832016950021e-01
8.376843085661216382e-01
8.334045611955804844e-01
7.829456158438793389e-01
8.459234349568491851e-01
8.641865807061612781e-01
8.319438231846670861e-01
7.281827353531150626e-01
8.046740551319239154e-01
7.532728782657851507e-01
8.031289514196316981e-01
6.920780898042691032e-01
7.780815742646043365e-01
8.370752612913620050e-01
8.224638012420972810e-01
8.360972201527605563e-01
8.681720695834270751e-01
8.002827630265855197e-01
8.423866291956395580e-01
8.324896404039406894e-01
7.976692306042565406e-01
8.297122185052131504e-01
8.390736185889666743e-01
9.013004207121281253e-01
8.576903191691412909e-01
8.610732080054721571e-01
7.444867065819478213e-01
8.365112035818220715e-01
7.821958400705012471e-01
7.900674224298022130e-01
8.207549360548077599e-01
8.482703047945092667e-01
8.683038112181796775e-01
8.438789784228151181e-01
8.459457241030280406e-01
8.456740291991238223e-01
8.851440078142366330e-01
8.783893061365646293e-01
7.877870426386938130e-01
8.459257423225085004e-01
8.384931605325551818e-01
7.788148739911718854e-01
8.176919347250307668e-01
9.062018545587671170e-01
8.561124259116132951e-01
8.761704283512073976e-01
8.534729814645389823e-01
8.107076752316834112e-01
7.970005755862213936e-01
8.179579931565634787e-01
7.939250217607790594e-01
8.154580609932120527e-01
8.292517799057875783e-01
8.608141607349553137e-01
8.659077217044591768e-01
8.761404181055576501e-01
7.858829540065495056e-01
8.352384846350503489e-01
7.870672487826733121e-01
7.768037169132178121e-01
8.272215419754683774e-01
8.281680333425474050e-01
8.259163108281030174e-01
8.034314802320940974e-01
8.427108100926460343e-01
8.137832028774082405e-01
8.705770713128372362e-01
8.337516091953418584e-01
8.283396648162522080e-01
8.587588121257451190e-01
8.349169716313427081e-01
8.138230970523494534e-01
7.283020879921454638e-01
8.312023600264388801e-01
2.978741829032353211e-02
9.153046999039173848e-01
8.336139550515324625e-01
8.555817170191930554e-01
7.997369461227685772e-01
8.648244290655264788e-01
8.319812203377774384e-01
9.020515743615589166e-01
8.743527540417370680e-01
8.644324909889654629e-01
9.026713080456867377e-01
7.739616473087105319e-01
8.128499862462554848e-01
8.141725080744300902e-01
7.524672092011638336e-01
8.084696088980090067e-01
7.799988162450083307e-01
7.443447087014229968e-01
8.615559818264796332e-01
8.291941742311385033e-01
8.759047182725292480e-01
8.728462101042171462e-01
8.428888426213337892e-01
8.032864129366962258e-01
8.010604329017598779e-01
8.461009868576698789e-01
7.778137189909388738e-01
8.128156686561511801e-01
8.547540321886589743e-01
8.111749850581060350e-01
8.351125308136579939e-01
8.381466830276840252e-01
8.290204655238198050e-01
8.568353563660197070e-01
8.192862006002925579e-01
7.848166047583300386e-01
8.533107884456698766e-01
8.897251124174627712e-01
8.803130928837720193e-01
8.377035983032929956e-01
7.580648292543363809e-01
8.911101275832886692e-01
8.437759671684487151e-01
8.118097006435828211e-01
8.659955666061643909e-01
8.119161770382914423e-01
8.495477652706659999e-01
7.949487342913906796e-01
7.854121038750900841e-01
8.564036147978089097e-01
7.932658462786984499e-01
8.259961384649648908e-01
8.591591792698379804e-01
7.435433798337620637e-01
7.556987248870205010e-01
8.231486630164396301e-01
7.838191416695714508e-01
7.893440254432316783e-01
8.502163447020041342e-01
8.465827538070577196e-01
8.906317598388655554e-01
8.317061674012471428e-01
8.253918482951088098e-01
8.652504830199853059e-01
8.592334275928411591e-01
8.030464898887728076e-01
8.951295011122712975e-01
8.520107279758242225e-01
8.429933387215851059e-01
8.378857567142617979e-01
8.625849786873688307e-01
8.606409367217158213e-01
8.299315260848364462e-01
7.824579763472018223e-01
8.431277605251906726e-01
7.753176170546288715e-01
8.038862894635928624e-01
8.063344363974783713e-01
8.022126118179598864e-01
8.338169092225783396e-01
8.487112396523597280e-01
8.657699373580731717e-01
7.862607028402800458e-01
8.500685294979154483e-01
8.629161163219274400e-01
8.183049599631804227e-01
8.231936077564259158e-01
7.484321155432783756e-01
1.703350639097810440e-02
8.682592764546899211e-01
8.472624700019152355e-01
8.786304815097619736e-01
8.394908779694791878e-01
8.068196059531935749e-01
7.784718279604813107e-01
8.220716649828957445e-01
8.166917247140986769e-01
8.075371224607472698e-01
8.020118176729928994e-01
7.644819479647851912e-01
7.943281642867582315e-01
8.071298412678060696e-01
8.487838674161729546e-01
7.485292073958165204e-01
8.399247553028310609e-01
8.215777510562569663e-01
7.597850628540391282e-01
8.284595706675158544e-01
8.405290491112731299e-01
8.083897815245980611e-01
8.328933014957018433e-01
8.131969112418433454e-01
8.606657869467226885e-01
8.094048893595522376e-01
8.591521709300286025e-01
7.931791904344041022e-01
7.768003279713928677e-01
8.408053700469690916e-01
8.437811153972497591e-01
8.238987177057469635e-01
8.177302098984964296e-01
7.868120409850295482e-01
8.208449287319500298e-01
8.656323654014177471e-01
8.924390031231868026e-01
8.029633269764119285e-01
8.248654414456141337e-01
8.440059623279677625e-01
8.339652273837683261e-01
9.017286507496304893e-01
8.483127476772766018e-01
7.455843012021180494e-01
8.470156610789254525e-01
8.402171948469070450e-01
8.942531422826770493e-01
7.672902391753074758e-01
8.788139059410219334e-01
8.472597728924757821e-01
7.361188412911983114e-01
8.930798757718451109e-01
7.894204311603990609e-01
7.506467604405683280e-01
8.340690736222349244e-01
8.471251453236128270e-01
8.568904526899334684e-01
8.899657673832856997e-01
8.075077781082743433e-01
8.324042401980910055e-01
8.766946145197354046e-01
8.542704619390025789e-01
7.986827653249364278e-01
8.037109532789946664e-01
8.770306304090155214e-01
8.066084687319111657e-01
8.646433150228366449e-01
8.718218993395189242e-01
8.156217490566390893e-01
9.297223057642506339e-01
8.505577208840467973e-01
7.651662950290032406e-01
8.557822114692394955e-01
8.244693120217715387e-01
8.594009534243184367e-01
7.679547371298119929e-01
8.157768520906645282e-01
7.817555184718503192e-01
8.927641395148665504e-01
7.931764115868830123e-01
7.196983026235739267e-01
7.970275968825393242e-01
7.810784728823114698e-01
8.554835748232361148e-01
8.074269617843640168e-01
8.568447201855914352e-01
8.244903433805621518e-01
9.141082622374951949e-01
7.644331398574764069e-01
7.837443309643871148e-01
7.412733631470278528e-01
8.206973143699045625e-01
8.666858125600267471e-01
8.649209505341920456e-01
9.092367559148984979e-01
8.332691061904800023e-01
8.181535380640236887e-01
8.610791058760522976e-01
7.875972421395309730e-01
8.226387390449847459e-01
8.471492966958271698e-01
8.350915550609054883e-01
7.621983188794789754e-01
7.841926413746042046e-01
7.892362492217566139e-01
7.665585799648483301e-01
8.123277667468310481e-01
8.605848328556412463e-01
8.035846963562082168e-01
8.085858530236469388e-01
8.753909934319653585e-01
7.716868107809892186e-01
9.290348431429495957e-01
8.832426208602639495e-01
8.710257945018695658e-01
8.587021202631583972e-01
8.418625649874085237e-01
8.090818232880775396e-01
8.333125958441729431e-01
8.172910758223416172e-01
8.524147102743885318e-01
8.549018671459194252e-01
8.698203965828085193e-01
8.428241177342995494e-01
8.308507323983443937e-01
8.433286418699607045e-01
8.747537991212244179e-01
8.399960051734672861e-01
9.381878450137202119e-01
8.866544619064011812e-01
7.333580299985180684e-01
7.664625877474093851e-01
8.602858632170460318e-01
8.001115564291673143e-01
8.508402806620095626e-01
8.762122787266486412e-01
8.035994636031854599e-01
7.843238245612662585e-01
8.135959104873848879e-01
7.883471719006435174e-01
8.414996615038929928e-01
7.848213437711946128e-01
7.965806010604045140e-01
8.505241021474351237e-01
7.477280560942076715e-01
9.098064839248314328e-01
7.997900521752598912e-01
7.961122530382254148e-01
8.624353287593030659e-01
8.520632938982821702e-01
8.024865520080040060e-01
8.064066242781433580e-01
8.187868683514832879e-01
8.046778679632383691e-01
8.254247548686570735e-01
8.628480901671699010e-01
8.167831364153613771e-01
8.172523889387725005e-01
7.770985683154003620e-01
7.839900136169820621e-01
8.325101771782500437e-01
7.856134156650707023e-01
7.753971381047913836e-01
7.733789901716772164e-01
8.257576416956728949e-01
8.222344727973450729e-01
7.877953539461139965e-01
8.380057972329835181e-01
7.113672455858278676e-01
8.608593035040144059e-01
8.538975012049376812e-01
9.274302410005241804e-01
8.458179655972160038e-01
8.408542420096489778e-01
8.224821321783836181e-01
5.953823718108638106e-03
8.000274715877814247e-01
7.982768104536018816e-01
8.001842618099518356e-01
8.526699355063617203e-01
8.580463709452729182e-01
8.545828895236080580e-01
7.978131964569175061e-01
8.770450546170253103e-01
8.629159384038113112e-01
8.647591791875803846e-01
8.561915194620318692e-01
7.937801478390780208e-01
8.801802907528413211e-01
8.200614161431873939e-01
8.541723029303334158e-01
7.419717410773487565e-01
8.504584811578702608e-01
8.684468002059805292e-01
8.247080370743511413e-01
8.490868352189380186e-01
7.804813692595844454e-01
8.226664862551567037e-01
8.356706083238208960e-01
8.939740246134598722e-01
8.747199694695644290e-01
7.607547326482108074e-01
8.587940790541630509e-01
7.859856688317484741e-01
2.535615536369443049e-02
7.932172850774090733e-01
7.687410508854175539e-01
8.679141574473806520e-01
7.885600470661731087e-01
8.534014986253116719e-01
8.595833746465830760e-01
8.464315698644726549e-01
8.978926409299047284e-01
8.289323040566248801e-01
8.426726622399174360e-01
8.003561199496976863e-01
8.724812594659011600e-01
8.240227293702198086e-01
7.635665103138459253e-01
8.073056544777905685e-01
8.396048011193718574e-01
7.989116606686251787e-01
8.132392196032006693e-01
8.598713938468347528e-01
8.353020504215586950e-01
7.600189218281256931e-01
8.428541302522110090e-01
8.138868199555098215e-01
8.218291080203755650e-01
7.480778692004840247e-01
8.872122080623969786e-01
8.505952433713223071e-01
8.165457297002842729e-01
7.584475008777110672e-01
7.973048445256000205e-01
2.117761490982691119e-01
8.630523274043508941e-01
7.823695795088060345e-01
8.323391472474418462e-01
8.790776321206184019e-01
8.327275248148608977e-01
7.541017130352261066e-01
7.949031679320216481e-01
8.472279587856794691e-01
8.068426849930599998e-01
9.175933436750640659e-01
8.405402791534373197e-01
8.408677881817611111e-01
7.956227673645366316e-01
8.299411419070760187e-01
8.322372436739737811e-01
8.511847339692822922e-01
7.938651331980827175e-01
8.578285932048053120e-01
7.906962061926698926e-01
7.792908673797133146e-01
8.044530366499987872e-01
8.014767781117719814e-01
7.969675764267981632e-01
7.950784142588392944e-01
7.793984376697445926e-01
8.362189337809650125e-01
8.107814289005694786e-01
7.964761461939133813e-01
5.951787281256827322e-01
8.338677060946487751e-01
7.716257903972427723e-01
7.954742467709483567e-01
8.776258362666479185e-01
8.263993141108221252e-01
8.323623970534025363e-01
8.440586737540500817e-01
8.318622994700675122e-01
8.129449562960288089e-01
7.464354067568853557e-01
8.053520042691391101e-01
8.444525039028182301e-01
7.612516900999953817e-01
8.528929124309764243e-01
8.063989159755723390e-01
8.268672482377401600e-01
7.928412239880450185e-01
8.759831327477337615e-01
7.595751951193708829e-01
8.410299049620040268e-01
8.013727038345734854e-01
8.721773020093105400e-01
8.022487194873210159e-01
8.037653539613599518e-01
7.858488143278307136e-01
7.683858658137677766e-01
7.480832296956494432e-01
8.368207793341775336e-01
8.214184703389137976e-01
7.897142873888007841e-01
8.278296329925736163e-01
8.380636241545954546e-01
7.966747218357250748e-01
8.353994352759844810e-01
8.478989435296228061e-01
8.562967093587370293e-01
8.282395947851777240e-01
7.554938195631133446e-01
7.659853394725556486e-01
8.260435053255438254e-01
8.143198941245395339e-01
8.008784499676462332e-01
8.162115401420413363e-01
8.680639012797247700e-01
8.147965127138400154e-01
7.935586005975826529e-01
7.701818767411674482e-01
9.158266104150517561e-01
6.915577157633984173e-01
8.674319808521486763e-01
7.573225212988852206e-01
7.348738923011653990e-01
7.817730724209790427e-01
7.714172383280103462e-01
8.523157055872468968e-01
7.470646943142307261e-01
8.436845294049364341e-01
8.307584179214607678e-01
8.897774398257038975e-01
8.649464565170374986e-01
7.500440086551791730e-01
8.491307623954793549e-01
8.024959100326148898e-01
8.267648681460738613e-01
8.706962410602978597e-01
8.348215823701686800e-01
8.863700530502893749e-01
8.253643591940683644e-01
8.051158048237735398e-01
8.255116898187999652e-01
7.348510138023695015e-01
7.751384636346724255e-01
8.667403300381639752e-01
7.814829488033742111e-01
7.971094427613873989e-01
8.341952137390166166e-01
8.213719077231161902e-01
8.206210504147698481e-01
8.554816157425063627e-01
8.375032239939369516e-01
8.193442908573591588e-01
8.220078234706719167e-01
8.444014543113421700e-01
8.485102931161889739e-01
6.943335167084855319e-01
5.857847545435698189e-01
8.462310725352076846e-01
8.521690378601091131e-01
8.509041546901441322e-01
8.251875976043354655e-01
8.173541568832163318e-01
8.593655923899958804e-01
8.370751197973786972e-01
8.724183431766060481e-01
8.174847785049893512e-01
8.680477550070500037e-01
8.568961024460615139e-01
8.883547754577373334e-01
8.524237110995466216e-01
8.205066773598228558e-01
8.136809481399764898e-01
8.714419806614348563e-01
7.989787393797986859e-01
8.770131893733498218e-01
8.388935779375253921e-01
7.972682144016590700e-01
8.552036030166477731e-01
8.422460244763891879e-01
8.383892754707044093e-01
8.512709047533103535e-01
8.850055181250916503e-01
8.234171154135938586e-01
8.172046746045643628e-01
8.286149439666844474e-01
9.278243365673041199e-01
8.327319084130628823e-01
7.905708993456335154e-01
7.575400273506428528e-01
7.807753352510390377e-01
8.308567394460472100e-01
8.182810553778925300e-01
8.212897819049691517e-01
8.361860839669469359e-01
8.206485025107547182e-01
8.432061409899948012e-01
9.570590769920372942e-01
8.330430651687334986e-01
8.043851880876607963e-01
8.009902045336322329e-01
8.524115446605683433e-01
8.255549380671384219e-01
8.069141509385641120e-01
8.266136280627098820e-01
8.832661775306668295e-01
8.022993392940785951e-01
8.499151938585157717e-01
8.568679671433997447e-01
8.256881795009710645e-01
7.717658124957323951e-01
8.848314429085726296e-01
8.575288836142729298e-01
7.913460768405702339e-01
8.041673414669128217e-01
8.142733457360987748e-01
8.240509661268101693e-01
8.111087737382358664e-01
7.461976907710976548e-01
8.241367456647020751e-01
8.649959727029844503e-01
8.616573438714184574e-01
8.677054383936971815e-01
8.564767316231383099e-01
8.426904893939644037e-01
8.792249275995391855e-01
8.346751259692944958e-01
7.887616014281989552e-01
7.973508043486441377e-01
8.664332888285615208e-01
8.489106388096222533e-01
7.757815619493213521e-01
7.956903227022285030e-01
8.119778320321128229e-01
8.686012521748192050e-01
8.239249873483339703e-01
8.515421042697222109e-01
7.270158297414636150e-01
8.986251007508466726e-01
8.210664558478428798e-01
8.648467379315413206e-01
8.325951038277730198e-01
8.080708678332026995e-01
8.549935559401794505e-01
8.837094912362245536e-01
7.927615452268615970e-01
7.945530664225747275e-01
7.840515206466067699e-01
8.618979105903044058e-01
7.845397539155508637e-01
7.902648131988678770e-01
8.079923321132258529e-01
8.634916585536028810e-01
7.735679362004443949e-01
8.511257870598409880e-01
8.688401566392336406e-01
8.319605990061336165e-01
8.647123205281449509e-01
8.427685080308371379e-01
8.763956628996298903e-01
7.809725923451816820e-01
7.866109982744571294e-01
7.686930684224893007e-01
7.750143793933677028e-01
7.653197043425967738e-01
8.253967577270688860e-01
8.069674462034889251e-01
8.392833622747335465e-01
8.293963186919408592e-01
7.946771449802760845e-01
8.232855759770508763e-01
7.690681580733189637e-01
8.236043087693611930e-01
8.513804082545617380e-01
7.967378659705910415e-01
8.346465382362120433e-01
8.166263134556631664e-01
6.114951642961774514e-01
7.434273994899536220e-01
8.138754849329814522e-01
8.165578678953068215e-01
7.488644487406016514e-01
8.355801489998637699e-01
8.881011048143845343e-01
8.440579606820275416e-01
8.269420841147779866e-01
8.307299058002783898e-01
8.107440335336965065e-01
8.039803647957045607e-01
8.521276032338409578e-01
7.902056612281173065e-01
8.589964197794179857e-01
8.156178797725094354e-01
8.310753684263814112e-01
8.003146305674596617e-01
7.887498790279873218e-01
8.126618435950467845e-01
8.029591037241609053e-01
8.059816512468590544e-01
8.512091202542840795e-01
8.320478370331435558e-01
8.079249350602755175e-01
8.708120083588959393e-01
7.928933711085484060e-01
7.885596526416388530e-01
8.623954428772790948e-01
8.625360655606746363e-01
8.008975648739216080e-01
7.944768378363474826e-01
8.218880336300364853e-01
8.622442446588838294e-01
7.919322027113013807e-01
8.322497638394743547e-01
8.478570333494998001e-01
7.927523561288712939e-01
8.273045039488826635e-01
7.664536885043593539e-01
7.891710401392453278e-01
8.370144598881835707e-01
7.888983192940735023e-01
8.427294953927813026e-01
8.185463366044138933e-01
7.921270290714048645e-01
8.462332102920768762e-01
8.728682947896421185e-01
7.836476255747020225e-01
7.840119307191900644e-01
8.167565110493908431e-01
8.364168180159943233e-01
7.596303181424849393e-01
7.154799002634336658e-01
7.731148450885031442e-01
8.276683885261950646e-01
7.681109354612921658e-01
8.139374359033633155e-01
7.974426450218764506e-01
7.138923261285131661e-01
7.875967275472413043e-01
8.387782254926212655e-01
8.819666565222252785e-01
8.573924732363935597e-01
8.820581691343358788e-01
8.218684323417821957e-01
8.098491851785787343e-01
8.664362587632401524e-01
8.246115400237216120e-01
7.694443705904148167e-01
8.350552858706083992e-01
8.145804423614156908e-01
8.264921177901350946e-01
8.441286379577858101e-01
7.622404891092494639e-01
8.427258320670671932e-01
8.163910229101134508e-01
8.450485386110102581e-01
8.789244931946317285e-01
7.640280631993744409e-01
8.369239383453626058e-01
9.046110730647217713e-01
7.891650537062557813e-01
8.407985258097673276e-01
8.010559346863510566e-01
7.818824049417233413e-01
8.468129492377775014e-01
8.098426032270872321e-01
8.113796075808370478e-01
1.959280794963683819e-02
8.304572057173947863e-01
7.500769844014075760e-01
8.272397858625478717e-01
8.088782645857456322e-01
8.095409823764321278e-01
7.750991345209131689e-01
7.785390545505866955e-01
8.222654757373050183e-01
8.350333819460954432e-01
7.266042164682853244e-01
7.948343772880209768e-01
8.414812255731075608e-01
8.600491355148883743e-01
7.903794349378562289e-01
7.373354551675191937e-01
7.686210070443666442e-01
7.788129996341217609e-01
8.285856416547562331e-01
8.812070235538604912e-01
8.627632490120821229e-01
8.359194924339451438e-01
8.082405590786521099e-01
7.384701144931236083e-01
6.682862176165175194e-01
8.311667949631048602e-01
8.477469235536405634e-01
8.394639124982180567e-01
7.865387467619677775e-01
8.014039338126290879e-01
8.162125071947458066e-01
7.218480793634859394e-01
8.365227376468209464e-01
8.112723346202719288e-01
8.586280711658093034e-01
7.932774729232876521e-01
8.563385706014222665e-01
9.044617168074897684e-01
7.848605975294815629e-01
8.766428318709794665e-01
8.253735106443808034e-01
8.672214760323700977e-01
8.714156149236937932e-01
8.220598967004808522e-01
8.063732536823275954e-01
8.442178891163668597e-01
7.815156054032278421e-01
8.201773529685015829e-01
8.028043025115547682e-01
7.969569815749608654e-01
7.139479562325318218e-01
7.902506179376126427e-01
8.201607849780001569e-01
7.075146592236963849e-01
8.684368351318844104e-01
7.933598131091310623e-01
8.395626889834041373e-01
7.257084048819945066e-01
8.014698459595052116e-01
7.869065730600423025e-01
8.425126734301754405e-01
8.095539014603028161e-01
8.172798492629278488e-01
7.995952140437786460e-01
7.743703632306360163e-01
8.142948592855866474e-01
8.062852233871793395e-01
9.071828355921394138e-01
7.642926773794974649e-01
8.125536147647571816e-01
9.037740717333208051e-01
7.683530003072690517e-01
8.284896358386280024e-01
8.551755879671273375e-01
6.928785056086911309e-01
8.569278046185270226e-01
8.199271038530878686e-01
8.350510220292196584e-01
8.121841593922191072e-01
8.171214455230297879e-01
7.627289831431629530e-01
8.226546320299055193e-01
8.258069800681743233e-01
8.190631554614762333e-01
7.651927659503549028e-01
8.721004218264180041e-01
7.321052181340078624e-01
8.833396706985532365e-01
7.759320959824435038e-01
8.086721527637952267e-01
8.004938934160867881e-01
8.191736579985022804e-01
8.541355451498842122e-01
8.180680906353540172e-01
8.574441485794135343e-01
9.093923520975505381e-01
8.312530634409206476e-01
7.708672471435588092e-01
7.767631062161021172e-01
8.074217886486698692e-01
7.608547586380953742e-01
8.337980712631558600e-01
8.723025812886784358e-01
8.317233861429749187e-01
8.622657875681067896e-01
8.513073601449536731e-01
7.812763179564785609e-01
8.032878728229390086e-01
7.327298920669895743e-01
7.467090587965466986e-01
7.438655153755681093e-01
8.316156331027823034e-01
8.201213443394390623e-01
7.574529262617500924e-01
8.343808079297173608e-01
7.758030342061049689e-01
8.428795187656308308e-01
8.700433218432955806e-01
8.030642009229771450e-01
5.394410132932904167e-01
8.549956079947664822e-01
8.277161872962689459e-01
8.787060626757018378e-01
8.579156419784643717e-01
8.336826344188991156e-01
8.055751672761890525e-01
8.896908231588637195e-01
8.140513985476270920e-01
7.893313888853094040e-01
7.955717384671298076e-01
8.794271198101657472e-01
8.326113351909045779e-01
7.752460000607550583e-01
7.956673178151925097e-01
8.427664822640689168e-01
8.065497749184383780e-01
8.195951888175474487e-01
8.213477027161224520e-01
7.465718081717453991e-01
7.392959682769759677e-01
7.447693462350791771e-01
7.243403242334562897e-01
8.632289689697151269e-01
7.937487349970722139e-01
8.013052241358036287e-01
8.595287711201992087e-01
7.390496222792819481e-01
1.600881942268993219e-02
7.459181931935510157e-01
8.015565207702775030e-01
8.400780598944026512e-01
8.749524178364318505e-01
7.495398966188003831e-01
8.340750998212108636e-01
7.278241301196965996e-01
8.280225074853920786e-01
8.607822359946358803e-01
8.412999912767786803e-01
7.850199312538866936e-01
7.745391524164985109e-01
7.614645104857635793e-01
7.582558510948195218e-01
7.721264387671953333e-01
6.902730309443685375e-01
8.067882637310309635e-01
8.015357043230196821e-01
8.073058104802850465e-01
7.624124873399453772e-01
8.209921034367924086e-01
8.305343068701040998e-01
8.765498157558507808e-01
7.593545965057884040e-01
7.397350067040239230e-01
8.203795507910642826e-01
7.956987078822267412e-01
6.478064095763010899e-01
7.691711533942925394e-01
8.186852310064282046e-01
7.770660069817184601e-01
7.507255931185299325e-01
8.865785018836593867e-01
7.473722464182164238e-01
8.089323186003520849e-01
8.385011145794691867e-01
8.255313655960224706e-01
7.735390321718600415e-01
7.994283443452085969e-01
7.908884918647108853e-01
8.622768888946615862e-01
8.534642534295995286e-01
8.413236033637022659e-01
8.140532375818145816e-01
8.571899020769961908e-01
7.858479522310852783e-01
7.930715427731328537e-01
7.760458911792782466e-01
7.823920857259429873e-01
8.579859311700047675e-01
8.301151970608003916e-01
8.322803805241606456e-01
7.600494302753472153e-01
8.514651047046546406e-01
7.742563289431332318e-01
8.046329524923594434e-01
8.048428394176966316e-01
8.615640643655766429e-01
8.008723350413773368e-01
7.966327437182206817e-01
7.486266474003167026e-01
7.410603390079725239e-01
7.705727719480802429e-02
7.938023500461218740e-01
8.101992199312666454e-01
8.658360151386352843e-01
8.333580978481047730e-01
4.445721206906054768e-01
8.878326659526174502e-01
7.455772490251736384e-01
8.327901578475577216e-01
7.856941451696936030e-01
8.419451732334373162e-01
8.512163449181467945e-01
7.930316289901618854e-01
7.789786063448523867e-01
7.724118099367585089e-01
8.350828630172317801e-01
2.085556857178718360e-01
6.592742410679975906e-01
3.251465678131216785e-01
7.366338268323644467e-01
8.233727763717103576e-01
2.478877802428021970e-01
8.053415477480194706e-01
7.119524736533314191e-02
8.320731608514330135e-01
6.369245818239388512e-01
8.122163922885274889e-01
8.288729295583338041e-01
8.727744015283408485e-01
7.729309468920154691e-01
6.964387571743518857e-01
1.818353226999441519e-01
6.476021816058308289e-01
8.542193160983182487e-01
7.797945277904457795e-01
8.361777462653712245e-01
8.449537048404701656e-01
7.978986855985591431e-01
7.357290779685196069e-01
7.938812395427801150e-01
7.891856169104600749e-01
7.962577820362627401e-01
7.789603331012190379e-01
8.357963063833852013e-01
7.363546986068379985e-01
7.931170326760018652e-01
8.258462992704016514e-01
7.750362753763491153e-01
6.032169542667614737e-01
7.960062036960956489e-01
8.720262065810416852e-01
1.101458699385480938e-01
7.219751450622118316e-01
8.084589864331377385e-01
8.479295632405282612e-01
4.454273146866549737e-01
7.362506591096918962e-01
7.141042452453164602e-01
2.339564549007145111e-01
8.842428564000367475e-01
8.002963433961032269e-01
8.091878153788846229e-01
7.476998501535743191e-01
4.176653934853966632e-01
5.264532675961712815e-01
7.860889305868584698e-01
7.980400377624671804e-02
1.556281602946495424e-01
6.734314150840016167e-01
8.433575869143107306e-01
1.628149950325426809e-01
7.510743377966816459e-01
2.443732126889331946e-01
5.381853356769008417e-02
2.300311818998994617e-01
3.453947041288374376e-02
3.960000760434669032e-02
8.245064471317742338e-01
1.480424253178681815e-01
8.489167137360044135e-01
7.438667789957313925e-01
1.460927960061832176e-01
7.430673772674973865e-01
3.834540972964265992e-01
3.748808304567726180e-01
7.734013599850358966e-01
4.999518522057919134e-02
5.430227206506318405e-01
4.296807720857457880e-01
7.101777367530446305e-01
2.800350479816144933e-01
8.316072053986244272e-01
