8.387044199450517379e-01
8.305663957360330807e-01
8.272321096164010346e-01
8.264211922455881876e-01
8.263008990902375173e-01
8.244972340649773246e-01
8.239843641730753010e-01
8.238794116394861922e-01
8.258120270225907111e-01
8.271759734343974158e-01
8.292215389459749453e-01
8.291867895310746084e-01
8.288780235088579751e-01
8.290064400933226940e-01
8.285621564037567444e-01
8.290997770717694060e-01
8.289495963119215549e-01
8.288277426633926526e-01
8.294818766099577578e-01
8.293382682153790375e-01
