1.000000 0.100000 3.000000 0.821680
1.000000 0.300000 3.000000 0.827695
1.000000 1.000000 0.000000 0.840887
1.000000 5.000000 0.000000 0.855457
1.000000 15.000000 0.000000 0.884500
1.000000 25.000000 0.000000 0.892123
1.000000 35.000000 0.000000 0.894693
2.000000 0.100000 3.000000 0.825373
2.000000 0.300000 3.000000 0.834570
2.000000 0.800000 0.000000 0.834337
2.000000 1.000000 0.000000 0.851643
2.000000 15.000000 0.000000 0.899201
2.000000 25.000000 0.000000 0.901393
2.000000 35.000000 0.000000 0.890622
5.000000 0.100000 3.000000 0.833505
5.000000 0.300000 3.000000 0.847100
5.000000 0.800000 4.000000 0.865458
5.000000 1.000000 0.000000 0.864841
5.000000 5.000000 0.000000 0.890552
5.000000 15.000000 0.000000 0.883518
5.000000 25.000000 0.000000 0.892870
10.000000 0.100000 3.000000 0.833993
10.000000 0.300000 3.000000 0.847785
10.000000 5.000000 0.000000 0.848143
10.000000 15.000000 0.000000 0.887793
10.000000 25.000000 0.000000 0.896015
10.000000 35.000000 0.000000 0.866509
16.000000 1.000000 0.000000 0.881392
16.000000 5.000000 0.000000 0.865061
16.000000 15.000000 0.000000 0.883787
16.000000 25.000000 0.000000 0.870567
16.000000 35.000000 0.000000 0.869977
1.000000 0.800000 4.000000 0.843849
1.000000 1.000000 1.000000 0.837735
1.000000 5.000000 1.000000 0.866149
1.000000 15.000000 1.000000 0.892795
1.000000 25.000000 1.000000 0.886851
1.000000 35.000000 1.000000 0.885175
2.000000 1.000000 0.000000 0.851643
2.000000 5.000000 1.000000 0.897885
2.000000 15.000000 1.000000 0.898801
2.000000 25.000000 1.000000 0.896854
2.000000 35.000000 1.000000 0.902450
5.000000 1.000000 1.000000 0.880808
5.000000 5.000000 1.000000 0.896091
5.000000 15.000000 1.000000 0.892909
5.000000 25.000000 1.000000 0.893823
5.000000 35.000000 1.000000 0.893262
10.000000 0.800000 3.000000 0.871375
10.000000 1.000000 1.000000 0.871227
10.000000 5.000000 1.000000 0.885414
10.000000 15.000000 1.000000 0.892323
10.000000 25.000000 1.000000 0.880640
10.000000 35.000000 1.000000 0.894538
16.000000 0.100000 3.000000 0.853081
16.000000 0.300000 3.000000 0.867537
16.000000 0.800000 3.000000 0.877268
16.000000 1.000000 1.000000 0.876120
16.000000 5.000000 1.000000 0.879278
16.000000 15.000000 1.000000 0.886812
16.000000 25.000000 1.000000 0.880702
16.000000 35.000000 1.000000 0.882590
1.000000 25.000000 2.000000 0.882468
1.000000 35.000000 2.000000 0.880688
2.000000 5.000000 2.000000 0.882362
2.000000 15.000000 2.000000 0.872849
2.000000 25.000000 2.000000 0.879652
2.000000 35.000000 2.000000 0.886496
5.000000 1.000000 2.000000 0.852190
5.000000 5.000000 2.000000 0.896109
5.000000 15.000000 2.000000 0.895480
5.000000 35.000000 2.000000 0.895840
10.000000 5.000000 2.000000 0.870832
10.000000 15.000000 2.000000 0.879972
10.000000 25.000000 2.000000 0.871104
10.000000 35.000000 2.000000 0.899260
16.000000 1.000000 2.000000 0.862731
16.000000 5.000000 2.000000 0.844901
16.000000 15.000000 2.000000 0.879904
16.000000 25.000000 2.000000 0.877567
16.000000 35.000000 2.000000 0.892421
1.000000 1.000000 4.000000 0.845809
1.000000 1.000000 4.000000 0.845809
1.000000 15.000000 4.000000 0.895275
1.000000 25.000000 4.000000 0.902590
1.000000 35.000000 4.000000 0.900057
1.000000 1.000000 4.000000 0.845809
1.000000 15.000000 4.000000 0.895275
1.000000 25.000000 4.000000 0.902590
1.000000 35.000000 4.000000 0.900057
2.000000 1.000000 4.000000 0.847420
2.000000 5.000000 4.000000 0.898669
2.000000 15.000000 4.000000 0.894016
2.000000 25.000000 4.000000 0.902709
2.000000 35.000000 4.000000 0.896286
5.000000 1.000000 4.000000 0.871685
5.000000 5.000000 4.000000 0.894283
5.000000 15.000000 4.000000 0.898134
5.000000 25.000000 4.000000 0.900055
5.000000 35.000000 4.000000 0.891842
10.000000 1.000000 4.000000 0.884398
10.000000 5.000000 4.000000 0.864204
10.000000 15.000000 4.000000 0.882439
10.000000 25.000000 4.000000 0.886601
10.000000 35.000000 4.000000 0.894652
16.000000 1.000000 4.000000 0.895105
16.000000 5.000000 4.000000 0.860888
16.000000 15.000000 4.000000 0.812890
16.000000 25.000000 4.000000 0.888600
16.000000 35.000000 4.000000 0.876937
1.000000 1.000000 3.000000 0.841718
1.000000 5.000000 3.000000 0.867510
1.000000 15.000000 3.000000 0.900313
1.000000 25.000000 3.000000 0.891127
1.000000 35.000000 3.000000 0.899502
2.000000 1.000000 3.000000 0.851004
2.000000 5.000000 3.000000 0.887439
2.000000 15.000000 3.000000 0.893695
2.000000 25.000000 3.000000 0.891682
2.000000 35.000000 3.000000 0.889665
5.000000 1.000000 3.000000 0.867898
5.000000 5.000000 3.000000 0.893673
5.000000 15.000000 3.000000 0.886022
5.000000 25.000000 3.000000 0.882383
5.000000 35.000000 3.000000 0.894667
10.000000 1.000000 3.000000 0.871090
10.000000 5.000000 3.000000 0.892364
10.000000 15.000000 3.000000 0.873300
10.000000 25.000000 3.000000 0.860627
10.000000 35.000000 3.000000 0.888993
16.000000 1.000000 3.000000 0.877217
16.000000 5.000000 3.000000 0.892553
16.000000 15.000000 3.000000 0.879697
16.000000 25.000000 3.000000 0.891689
16.000000 35.000000 3.000000 0.890206
