438.5 417.5 459.5 417.5
1494.5 158.5 1508.5 175.5
739.5 229.5 718.5 208.5
209.5 451.5 184.5 464.5
1653.5 1952.5 1684.5 1972.5
1942.5 1868.5 1910.5 1891.5
1177.5 1809.5 1191.5 1836.5
1384.5 1600.5 1403.5 1565.5
474.5 1196.5 465.5 1215.5
1587.5 1935.5 1536.5 1934.5
555.5 1128.5 524.5 1151.5
341.5 660.5 386.5 689.5
730.5 505.5 733.5 447.5
1970.5 998.5 1945.5 1051.5
1556.5 403.5 1605.5 440.5
566.5 1790.5 619.5 1761.5
1833.5 2020.5 1895.5 2004.5
1471.5 286.5 1490.5 349.5
1508.5 175.5 1569.5 196.5
801.5 1850.5 869.5 1851.5
606.5 2012.5 540.5 1991.5
1596.5 1477.5 1649.5 1432.5
1512.5 239.5 1471.5 286.5
684.5 1351.5 631.5 1335.5
607.5 269.5 643.5 301.5
743.5 1255.5 710.5 1194.5
1968.5 1367.5 1957.5 1434.5
2004.5 1598.5 2076.5 1591.5
1081.5 983.5 1066.5 921.5
1580.5 932.5 1516.5 902.5
280.5 469.5 209.5 451.5
1103.5 806.5 1113.5 876.5
1457.5 1059.5 1401.5 1031.5
1866.5 1902.5 1918.5 1863.5
1936.5 1786.5 2005.5 1793.5
2066.5 752.5 2016.5 807.5
219.5 748.5 282.5 790.5
902.5 1456.5 836.5 1492.5
803.5 1430.5 793.5 1353.5
754.5 1223.5 806.5 1282.5
332.5 301.5 311.5 225.5
613.5 537.5 679.5 569.5
1292.5 955.5 1220.5 921.5
465.5 1215.5 474.5 1278.5
261.5 395.5 280.5 469.5
256.5 1489.5 287.5 1469.5
1093.5 1708.5 1117.5 1782.5
1879.5 1033.5 1874.5 962.5
1540.5 1436.5 1596.5 1477.5
752.5 1149.5 754.5 1223.5
1487.5 1137.5 1457.5 1059.5
679.5 569.5 730.5 505.5
574.5 1272.5 627.5 1215.5
1535.5 70.5 1601.5 22.5
491.5 1294.5 459.5 1371.5
1399.5 1304.5 1352.5 1249.5
202.5 1822.5 134.5 1770.5
158.5 685.5 84.5 713.5
608.5 451.5 613.5 537.5
381.5 1405.5 301.5 1383.5
291.5 548.5 280.5 469.5
1573.5 1312.5 1604.5 1235.5
1369.5 184.5 1318.5 249.5
1401.5 1031.5 1357.5 1107.5
1976.5 1684.5 1915.5 1749.5
412.5 275.5 475.5 212.5
1611.5 2009.5 1587.5 1935.5
1103.5 1104.5 1059.5 1027.5
1500.5 1306.5 1573.5 1312.5
1042.5 1616.5 1122.5 1591.5
1305.5 1009.5 1292.5 955.5
479.5 1812.5 566.5 1790.5
1619.5 206.5 1673.5 147.5
709.5 1344.5 691.5 1432.5
1066.5 921.5 1103.5 988.5
285.5 1740.5 198.5 1766.5
1133.5 1397.5 1226.5 1409.5
381.5 490.5 375.5 399.5
63.5 378.5 121.5 441.5
1516.5 902.5 1468.5 959.5
1520.5 1015.5 1587.5 962.5
1209.5 599.5 1167.5 677.5
1288.5 1590.5 1384.5 1600.5
643.5 301.5 728.5 342.5
869.5 1851.5 942.5 1786.5
1468.5 959.5 1520.5 1015.5
1122.5 1591.5 1121.5 1493.5
710.5 1194.5 631.5 1233.5
872.5 250.5 775.5 227.5
459.5 417.5 495.5 325.5
1318.5 249.5 1415.5 276.5
1403.5 1565.5 1359.5 1482.5
244.5 605.5 291.5 548.5
266.5 1838.5 285.5 1740.5
1874.5 962.5 1773.5 968.5
120.5 547.5 177.5 573.5
1957.5 1434.5 2042.5 1486.5
547.5 1431.5 490.5 1475.5
1682.5 1859.5 1653.5 1952.5
793.5 1353.5 709.5 1344.5
1494.5 352.5 1539.5 397.5
383.5 1507.5 381.5 1405.5
310.5 874.5 313.5 974.5
1649.5 1432.5 1631.5 1338.5
511.5 1681.5 453.5 1596.5
2046.5 2107.5 2015.5 2036.5
198.5 1766.5 266.5 1838.5
313.5 974.5 391.5 945.5
1261.5 1868.5 1322.5 1784.5
2015.5 2036.5 1919.5 2077.5
966.5 1709.5 1025.5 1772.5
679.5 195.5 607.5 269.5
2029.5 1496.5 2004.5 1598.5
1077.5 1738.5 1047.5 1647.5
188.5 1412.5 256.5 1489.5
287.5 1469.5 236.5 1378.5
511.5 1681.5 455.5 1764.5
1352.5 1249.5 1246.5 1249.5
456.5 304.5 393.5 385.5
475.5 212.5 381.5 167.5
492.5 700.5 574.5 646.5
1272.5 1107.5 1305.5 1009.5
356.5 192.5 412.5 275.5
280.5 469.5 381.5 490.5
2051.5 1020.5 1970.5 998.5
1978.5 1982.5 2046.5 1906.5
459.5 1371.5 547.5 1431.5
608.5 694.5 673.5 606.5
1597.5 1837.5 1682.5 1859.5
1972.5 1681.5 1868.5 1646.5
1160.5 1009.5 1220.5 921.5
1774.5 1788.5 1786.5 1890.5
1786.5 1890.5 1682.5 1859.5
1993.5 1105.5 2051.5 1020.5
134.5 791.5 158.5 685.5
856.5 1657.5 931.5 1698.5
317.5 692.5 208.5 692.5
227.5 114.5 129.5 124.5
2046.5 1906.5 1942.5 1868.5
1895.5 2004.5 1866.5 1902.5
1113.5 700.5 1103.5 806.5
1663.5 359.5 1628.5 288.5
490.5 1475.5 488.5 1476.5
1490.5 349.5 1494.5 352.5
173.5 1889.5 173.5 1880.5
1280.5 1583.5 1288.5 1590.5
28.5 1412.5 24.5 1402.5
1917.5 47.5 1916.5 59.5
968.5 954.5 969.5 968.5
2042.5 1486.5 2029.5 1496.5
627.5 1215.5 628.5 1198.5
100.5 303.5 88.5 316.5
1539.5 397.5 1556.5 403.5
326.5 318.5 332.5 301.5
1919.5 29.5 1917.5 47.5
1103.5 988.5 1118.5 999.5
245.5 105.5 227.5 114.5
375.5 399.5 360.5 384.5
1597.5 206.5 1619.5 206.5
1277.5 732.5 1283.5 710.5
729.5 1627.5 750.5 1618.5
1121.5 1493.5 1099.5 1486.5
474.5 1278.5 491.5 1294.5
63.5 354.5 63.5 378.5
1511.5 64.5 1535.5 70.5
1167.5 677.5 1168.5 702.5
531.5 547.5 508.5 537.5
876.5 276.5 872.5 250.5
1314.5 826.5 1295.5 807.5
1257.5 1420.5 1284.5 1418.5
191.5 1911.5 173.5 1889.5
121.5 236.5 112.5 263.5
426.5 1585.5 453.5 1596.5
1569.5 196.5 1597.5 206.5
728.5 1657.5 729.5 1627.5
1910.5 1891.5 1883.5 1905.5
1587.5 962.5 1580.5 932.5
386.5 689.5 412.5 707.5
287.5 1469.5 311.5 1491.5
763.5 1517.5 733.5 1504.5
1226.5 1409.5 1257.5 1420.5
1193.5 1057.5 1209.5 1086.5
792.5 1501.5 763.5 1517.5
1191.5 1836.5 1219.5 1856.5
976.5 1676.5 966.5 1709.5
1617.5 68.5 1583.5 74.5
855.5 1101.5 838.5 1132.5
381.5 167.5 356.5 192.5
69.5 1929.5 77.5 1964.5
775.5 227.5 739.5 229.5
1662.5 1228.5 1645.5 1261.5
1916.5 59.5 1906.5 95.5
1186.5 1020.5 1193.5 1057.5
1773.5 968.5 1763.5 1005.5
1169.5 1635.5 1135.5 1653.5
524.5 47.5 561.5 60.5
882.5 1290.5 921.5 1278.5
1483.5 34.5 1511.5 64.5
718.5 208.5 679.5 195.5
148.5 205.5 121.5 236.5
174.5 419.5 211.5 401.5
1628.5 288.5 1588.5 278.5
1573.5 1312.5 1535.5 1328.5
556.5 580.5 531.5 547.5
1720.5 2038.5 1734.5 2077.5
112.5 263.5 100.5 303.5
1249.5 763.5 1277.5 732.5
1868.5 1646.5 1848.5 1683.5
944.5 1460.5 902.5 1456.5
1936.5 1786.5 1915.5 1749.5
750.5 1618.5 790.5 1633.5
766.5 1677.5 728.5 1657.5
1118.5 999.5 1160.5 1009.5
1219.5 1856.5 1261.5 1868.5
453.5 1596.5 497.5 1595.5
495.5 325.5 456.5 304.5
836.5 1492.5 792.5 1501.5
644.5 424.5 608.5 451.5
88.5 316.5 63.5 354.5
964.5 1034.5 943.5 1075.5
619.5 1761.5 657.5 1732.5
1359.5 1482.5 1315.5 1463.5
1583.5 74.5 1535.5 70.5
1047.5 1173.5 1091.5 1153.5
778.5 1724.5 766.5 1677.5
762.5 1457.5 803.5 1430.5
1284.5 1418.5 1333.5 1414.5
1059.5 1027.5 1081.5 983.5
1763.5 1005.5 1785.5 1049.5
1734.5 29.5 1778.5 52.5
2025.5 104.5 2046.5 59.5
780.5 1805.5 801.5 1850.5
931.5 1698.5 976.5 1676.5
1091.5 1153.5 1103.5 1104.5
1357.5 1107.5 1389.5 1147.5
976.5 1676.5 992.5 1627.5
1214.5 1317.5 1162.5 1309.5
213.5 323.5 254.5 356.5
650.5 1503.5 603.5 1528.5
77.5 1802.5 31.5 1829.5
455.5 1764.5 479.5 1812.5
1484.5 2028.5 1483.5 2082.5
1168.5 702.5 1113.5 700.5
393.5 385.5 438.5 417.5
1474.5 1973.5 1484.5 2028.5
1099.5 1486.5 1044.5 1500.5
2005.5 1793.5 2061.5 1783.5
208.5 692.5 219.5 748.5
121.5 441.5 174.5 419.5
1531.5 1202.5 1488.5 1240.5
745.5 1771.5 778.5 1724.5
1710.5 1790.5 1666.5 1753.5
2100.5 1487.5 2042.5 1486.5
1721.5 1327.5 1760.5 1283.5
236.5 1378.5 188.5 1412.5
574.5 646.5 608.5 694.5
1481.5 1426.5 1540.5 1436.5
1220.5 921.5 1279.5 909.5
1718.5 1202.5 1662.5 1228.5
1601.5 2070.5 1611.5 2009.5
1025.5 1772.5 1077.5 1738.5
1379.5 1363.5 1399.5 1304.5
1322.5 1784.5 1294.5 1728.5
1631.5 1338.5 1573.5 1312.5
1295.5 807.5 1249.5 763.5
173.5 1880.5 202.5 1822.5
1113.5 876.5 1066.5 921.5
134.5 1770.5 77.5 1802.5
1535.5 1328.5 1473.5 1349.5
631.5 1335.5 567.5 1350.5
1011.5 1558.5 1042.5 1616.5
1117.5 1782.5 1177.5 1809.5
1209.5 1086.5 1272.5 1107.5
1044.5 1500.5 1011.5 1558.5
1011.5 1558.5 1009.5 1491.5
1488.5 1240.5 1500.5 1306.5
524.5 1151.5 474.5 1196.5
574.5 646.5 556.5 580.5
1333.5 1414.5 1379.5 1363.5
1135.5 1653.5 1093.5 1708.5
178.5 1661.5 248.5 1661.5
728.5 342.5 798.5 338.5
790.5 1633.5 856.5 1657.5
603.5 1528.5 617.5 1459.5
1283.5 710.5 1278.5 639.5
1294.5 1728.5 1223.5 1735.5
992.5 1627.5 1011.5 1558.5
1009.5 1491.5 944.5 1460.5
312.5 132.5 245.5 105.5
1945.5 1051.5 1993.5 1105.5
1536.5 1934.5 1474.5 1973.5
311.5 1491.5 383.5 1507.5
342.5 586.5 341.5 660.5
170.5 1527.5 96.5 1526.5
177.5 573.5 244.5 605.5
1223.5 1735.5 1279.5 1686.5
1682.5 1859.5 1710.5 1790.5
1838.5 1749.5 1774.5 1788.5
1246.5 1249.5 1214.5 1317.5
691.5 1432.5 762.5 1457.5
547.5 1431.5 617.5 1459.5
168.5 1983.5 191.5 1911.5
921.5 1278.5 951.5 1208.5
806.5 1282.5 882.5 1290.5
1047.5 1647.5 976.5 1676.5
1915.5 1749.5 1838.5 1749.5
1771.5 1974.5 1833.5 2020.5
1279.5 1686.5 1251.5 1614.5
1473.5 1349.5 1481.5 1426.5
96.5 1526.5 88.5 1603.5
211.5 401.5 213.5 323.5
239.5 1564.5 170.5 1527.5
1906.5 95.5 1957.5 155.5
617.5 1459.5 691.5 1432.5
1918.5 1863.5 1936.5 1786.5
453.5 1596.5 405.5 1659.5
1278.5 639.5 1209.5 599.5
1604.5 1235.5 1531.5 1202.5
412.5 707.5 492.5 700.5
631.5 1233.5 660.5 1308.5
1786.5 1890.5 1866.5 1902.5
691.5 1432.5 684.5 1351.5
254.5 356.5 326.5 318.5
2042.5 1486.5 2076.5 1412.5
1771.5 1974.5 1720.5 2038.5
733.5 1504.5 650.5 1503.5
129.5 124.5 148.5 205.5
567.5 1350.5 547.5 1431.5
1251.5 1614.5 1169.5 1635.5
1957.5 155.5 2025.5 104.5
1771.5 1974.5 1786.5 1890.5
1588.5 278.5 1512.5 239.5
424.5 562.5 342.5 586.5
1895.5 2004.5 1978.5 1982.5
491.5 1294.5 574.5 1272.5
1684.5 1972.5 1771.5 1974.5
301.5 1383.5 287.5 1469.5
497.5 1595.5 511.5 1681.5
1223.5 1735.5 1177.5 1809.5
508.5 537.5 424.5 562.5
838.5 1132.5 752.5 1149.5
51.5 876.5 95.5 800.5
1915.5 1749.5 1972.5 1681.5
383.5 1507.5 426.5 1585.5
942.5 1786.5 862.5 1746.5
1279.5 909.5 1314.5 826.5
95.5 800.5 18.5 752.5
2067.5 1685.5 1976.5 1684.5
1760.5 1283.5 1718.5 1202.5
943.5 1075.5 855.5 1101.5
733.5 447.5 644.5 424.5
84.5 713.5 134.5 791.5
1162.5 1309.5 1133.5 1397.5
1214.5 1317.5 1226.5 1409.5
77.5 1964.5 168.5 1983.5
311.5 225.5 312.5 132.5
1224.5 1508.5 1280.5 1583.5
1848.5 1683.5 1915.5 1749.5
567.5 1350.5 491.5 1294.5
1059.5 1027.5 964.5 1034.5
1785.5 1049.5 1879.5 1033.5
657.5 1732.5 745.5 1771.5
1673.5 147.5 1617.5 68.5
1535.5 70.5 1494.5 158.5
1778.5 2100.5 1833.5 2020.5
248.5 1661.5 239.5 1564.5
13.5 1783.5 19.5 1685.5
660.5 1308.5 743.5 1255.5
1389.5 1147.5 1487.5 1137.5
360.5 384.5 261.5 395.5
1605.5 440.5 1663.5 359.5
798.5 338.5 876.5 276.5
1883.5 1905.5 1895.5 2004.5
1645.5 1261.5 1721.5 1327.5
862.5 1746.5 780.5 1805.5
628.5 1198.5 555.5 1128.5
1249.5 763.5 1168.5 702.5
1315.5 1463.5 1224.5 1508.5
763.5 1517.5 750.5 1618.5
951.5 1208.5 1047.5 1173.5
1415.5 276.5 1369.5 184.5
657.5 1732.5 728.5 1657.5
1066.5 921.5 968.5 954.5
282.5 790.5 317.5 692.5
1220.5 921.5 1186.5 1020.5
184.5 464.5 120.5 547.5
540.5 1991.5 524.5 2095.5
869.5 1851.5 862.5 1746.5
2029.5 1496.5 2076.5 1591.5
561.5 2108.5 606.5 2012.5
28.5 1591.5 52.5 1487.5
673.5 606.5 574.5 646.5
2079.5 1829.5 2117.5 1929.5
88.5 1603.5 178.5 1661.5
969.5 968.5 1059.5 1027.5
391.5 945.5 310.5 874.5
2016.5 807.5 2099.5 876.5
1535.5 1328.5 1540.5 1436.5
405.5 1659.5 511.5 1681.5
1666.5 1753.5 1597.5 1837.5
184.5 464.5 177.5 573.5
488.5 1476.5 383.5 1507.5
2072.5 1402.5 1968.5 1367.5
567.5 1350.5 459.5 1371.5
381.5 1405.5 311.5 1491.5
